run_id,model,architecture,epoch,train_mse
i2_output_prediction_opf1_present_r4_position_bound_spn_rescnn_key7_gpu0_20260722,selected8_global_head_rescnn_anchor_true_output,rescnn,1,312.1939295298307
i2_output_prediction_opf1_present_r4_position_bound_spn_rescnn_key7_gpu0_20260722,selected8_global_head_rescnn_anchor_true_output,rescnn,2,26.28277499949081
i2_output_prediction_opf1_present_r4_position_bound_spn_rescnn_key7_gpu0_20260722,selected8_global_head_rescnn_anchor_true_output,rescnn,3,18.942255649290473
i2_output_prediction_opf1_present_r4_position_bound_spn_rescnn_key7_gpu0_20260722,selected8_global_head_rescnn_anchor_true_output,rescnn,4,0.6545869447668338
i2_output_prediction_opf1_present_r4_position_bound_spn_rescnn_key7_gpu0_20260722,selected8_global_head_rescnn_anchor_true_output,rescnn,5,0.3462911154106223
i2_output_prediction_opf1_present_r4_position_bound_spn_rescnn_key7_gpu0_20260722,selected8_global_head_rescnn_anchor_true_output,rescnn,6,6.092049309233971
i2_output_prediction_opf1_present_r4_position_bound_spn_rescnn_key7_gpu0_20260722,selected8_global_head_rescnn_anchor_true_output,rescnn,7,0.28002203053051744
i2_output_prediction_opf1_present_r4_position_bound_spn_rescnn_key7_gpu0_20260722,selected8_global_head_rescnn_anchor_true_output,rescnn,8,0.253558635033869
i2_output_prediction_opf1_present_r4_position_bound_spn_rescnn_key7_gpu0_20260722,selected8_global_head_rescnn_anchor_true_output,rescnn,9,1.3914660745047058
i2_output_prediction_opf1_present_r4_position_bound_spn_rescnn_key7_gpu0_20260722,selected8_global_head_rescnn_anchor_true_output,rescnn,10,0.2535685878347067
i2_output_prediction_opf1_present_r4_position_bound_spn_rescnn_key7_gpu0_20260722,selected8_global_head_rescnn_anchor_true_output,rescnn,11,0.25099475030719987
i2_output_prediction_opf1_present_r4_position_bound_spn_rescnn_key7_gpu0_20260722,selected8_global_head_rescnn_anchor_true_output,rescnn,12,0.3702270023609344
i2_output_prediction_opf1_present_r4_position_bound_spn_rescnn_key7_gpu0_20260722,selected8_global_head_rescnn_anchor_true_output,rescnn,13,0.2563429081299091
i2_output_prediction_opf1_present_r4_position_bound_spn_rescnn_key7_gpu0_20260722,selected8_global_head_rescnn_anchor_true_output,rescnn,14,0.257574774161867
i2_output_prediction_opf1_present_r4_position_bound_spn_rescnn_key7_gpu0_20260722,selected8_global_head_rescnn_anchor_true_output,rescnn,15,0.2506984713440943
i2_output_prediction_opf1_present_r4_position_bound_spn_rescnn_key7_gpu0_20260722,selected8_global_head_rescnn_anchor_true_output,rescnn,16,0.5040202531656632
i2_output_prediction_opf1_present_r4_position_bound_spn_rescnn_key7_gpu0_20260722,selected8_global_head_rescnn_anchor_true_output,rescnn,17,0.25005779143111795
i2_output_prediction_opf1_present_r4_position_bound_spn_rescnn_key7_gpu0_20260722,selected8_global_head_rescnn_anchor_true_output,rescnn,18,0.2519467391348371
i2_output_prediction_opf1_present_r4_position_bound_spn_rescnn_key7_gpu0_20260722,selected8_global_head_rescnn_anchor_true_output,rescnn,19,0.2525714633932239
i2_output_prediction_opf1_present_r4_position_bound_spn_rescnn_key7_gpu0_20260722,selected8_global_head_rescnn_anchor_true_output,rescnn,20,0.25016476540781696
i2_output_prediction_opf1_present_r4_position_bound_spn_rescnn_key7_gpu0_20260722,selected8_global_head_rescnn_anchor_true_output,rescnn,21,0.24944629061928936
i2_output_prediction_opf1_present_r4_position_bound_spn_rescnn_key7_gpu0_20260722,selected8_global_head_rescnn_anchor_true_output,rescnn,22,0.24949075611380067
i2_output_prediction_opf1_present_r4_position_bound_spn_rescnn_key7_gpu0_20260722,selected8_global_head_rescnn_anchor_true_output,rescnn,23,0.24920179303398982
i2_output_prediction_opf1_present_r4_position_bound_spn_rescnn_key7_gpu0_20260722,selected8_global_head_rescnn_anchor_true_output,rescnn,24,0.24934862747340958
i2_output_prediction_opf1_present_r4_position_bound_spn_rescnn_key7_gpu0_20260722,selected8_global_head_rescnn_anchor_true_output,rescnn,25,0.24877721719826695
i2_output_prediction_opf1_present_r4_position_bound_spn_rescnn_key7_gpu0_20260722,selected8_global_head_rescnn_anchor_true_output,rescnn,26,0.24934689968472412
i2_output_prediction_opf1_present_r4_position_bound_spn_rescnn_key7_gpu0_20260722,selected8_global_head_rescnn_anchor_true_output,rescnn,27,0.24845696158809005
i2_output_prediction_opf1_present_r4_position_bound_spn_rescnn_key7_gpu0_20260722,selected8_global_head_rescnn_anchor_true_output,rescnn,28,0.24835218664361491
i2_output_prediction_opf1_present_r4_position_bound_spn_rescnn_key7_gpu0_20260722,selected8_global_head_rescnn_anchor_true_output,rescnn,29,0.2483637720031311
i2_output_prediction_opf1_present_r4_position_bound_spn_rescnn_key7_gpu0_20260722,selected8_global_head_rescnn_anchor_true_output,rescnn,30,0.24812210209643126
i2_output_prediction_opf1_present_r4_position_bound_spn_rescnn_key7_gpu0_20260722,selected8_global_head_rescnn_anchor_true_output,rescnn,31,0.2481903116711237
i2_output_prediction_opf1_present_r4_position_bound_spn_rescnn_key7_gpu0_20260722,selected8_global_head_rescnn_anchor_true_output,rescnn,32,0.2479617137673813
i2_output_prediction_opf1_present_r4_position_bound_spn_rescnn_key7_gpu0_20260722,selected8_global_head_rescnn_anchor_true_output,rescnn,33,0.24789853610036516
i2_output_prediction_opf1_present_r4_position_bound_spn_rescnn_key7_gpu0_20260722,selected8_global_head_rescnn_anchor_true_output,rescnn,34,0.24802475908791166
i2_output_prediction_opf1_present_r4_position_bound_spn_rescnn_key7_gpu0_20260722,selected8_global_head_rescnn_anchor_true_output,rescnn,35,0.24796736253915697
i2_output_prediction_opf1_present_r4_position_bound_spn_rescnn_key7_gpu0_20260722,selected8_global_head_rescnn_anchor_true_output,rescnn,36,0.2477479598312584
i2_output_prediction_opf1_present_r4_position_bound_spn_rescnn_key7_gpu0_20260722,selected8_global_head_rescnn_anchor_true_output,rescnn,37,0.2476215789579328
i2_output_prediction_opf1_present_r4_position_bound_spn_rescnn_key7_gpu0_20260722,selected8_global_head_rescnn_anchor_true_output,rescnn,38,0.24748103242518482
i2_output_prediction_opf1_present_r4_position_bound_spn_rescnn_key7_gpu0_20260722,selected8_global_head_rescnn_anchor_true_output,rescnn,39,0.24754519328007518
i2_output_prediction_opf1_present_r4_position_bound_spn_rescnn_key7_gpu0_20260722,selected8_global_head_rescnn_anchor_true_output,rescnn,40,0.24722211085349954
i2_output_prediction_opf1_present_r4_position_bound_spn_rescnn_key7_gpu0_20260722,selected8_global_head_rescnn_anchor_true_output,rescnn,41,0.24723274820780716
i2_output_prediction_opf1_present_r4_position_bound_spn_rescnn_key7_gpu0_20260722,selected8_global_head_rescnn_anchor_true_output,rescnn,42,0.24693385729869988
i2_output_prediction_opf1_present_r4_position_bound_spn_rescnn_key7_gpu0_20260722,selected8_global_head_rescnn_anchor_true_output,rescnn,43,0.24685831855185825
i2_output_prediction_opf1_present_r4_position_bound_spn_rescnn_key7_gpu0_20260722,selected8_global_head_rescnn_anchor_true_output,rescnn,44,0.24669339433944515
i2_output_prediction_opf1_present_r4_position_bound_spn_rescnn_key7_gpu0_20260722,selected8_global_head_rescnn_anchor_true_output,rescnn,45,0.2463142790584243
i2_output_prediction_opf1_present_r4_position_bound_spn_rescnn_key7_gpu0_20260722,selected8_global_head_rescnn_anchor_true_output,rescnn,46,0.24596849634758655
i2_output_prediction_opf1_present_r4_position_bound_spn_rescnn_key7_gpu0_20260722,selected8_global_head_rescnn_anchor_true_output,rescnn,47,0.2457620311199662
i2_output_prediction_opf1_present_r4_position_bound_spn_rescnn_key7_gpu0_20260722,selected8_global_head_rescnn_anchor_true_output,rescnn,48,0.24535266870316264
i2_output_prediction_opf1_present_r4_position_bound_spn_rescnn_key7_gpu0_20260722,selected8_global_head_rescnn_anchor_true_output,rescnn,49,0.245378001846575
i2_output_prediction_opf1_present_r4_position_bound_spn_rescnn_key7_gpu0_20260722,selected8_global_head_rescnn_anchor_true_output,rescnn,50,0.24468261120705392
i2_output_prediction_opf1_present_r4_position_bound_spn_rescnn_key7_gpu0_20260722,selected8_global_head_rescnn_anchor_true_output,rescnn,51,0.2443990976898931
i2_output_prediction_opf1_present_r4_position_bound_spn_rescnn_key7_gpu0_20260722,selected8_global_head_rescnn_anchor_true_output,rescnn,52,0.24399083787693598
i2_output_prediction_opf1_present_r4_position_bound_spn_rescnn_key7_gpu0_20260722,selected8_global_head_rescnn_anchor_true_output,rescnn,53,0.24367972739310062
i2_output_prediction_opf1_present_r4_position_bound_spn_rescnn_key7_gpu0_20260722,selected8_global_head_rescnn_anchor_true_output,rescnn,54,0.2432260970133484
i2_output_prediction_opf1_present_r4_position_bound_spn_rescnn_key7_gpu0_20260722,selected8_global_head_rescnn_anchor_true_output,rescnn,55,0.2427244732048166
i2_output_prediction_opf1_present_r4_position_bound_spn_rescnn_key7_gpu0_20260722,selected8_global_head_rescnn_anchor_true_output,rescnn,56,0.2421501147800882
i2_output_prediction_opf1_present_r4_position_bound_spn_rescnn_key7_gpu0_20260722,selected8_global_head_rescnn_anchor_true_output,rescnn,57,0.24175611979944733
i2_output_prediction_opf1_present_r4_position_bound_spn_rescnn_key7_gpu0_20260722,selected8_global_head_rescnn_anchor_true_output,rescnn,58,0.24107740212070894
i2_output_prediction_opf1_present_r4_position_bound_spn_rescnn_key7_gpu0_20260722,selected8_global_head_rescnn_anchor_true_output,rescnn,59,0.24030762241295633
i2_output_prediction_opf1_present_r4_position_bound_spn_rescnn_key7_gpu0_20260722,selected8_global_head_rescnn_anchor_true_output,rescnn,60,0.23979008162177706
i2_output_prediction_opf1_present_r4_position_bound_spn_rescnn_key7_gpu0_20260722,selected8_global_head_rescnn_anchor_true_output,rescnn,61,0.23873328448416942
i2_output_prediction_opf1_present_r4_position_bound_spn_rescnn_key7_gpu0_20260722,selected8_global_head_rescnn_anchor_true_output,rescnn,62,0.2379614763610789
i2_output_prediction_opf1_present_r4_position_bound_spn_rescnn_key7_gpu0_20260722,selected8_global_head_rescnn_anchor_true_output,rescnn,63,0.23720314125557707
i2_output_prediction_opf1_present_r4_position_bound_spn_rescnn_key7_gpu0_20260722,selected8_global_head_rescnn_anchor_true_output,rescnn,64,0.23654835055890544
i2_output_prediction_opf1_present_r4_position_bound_spn_rescnn_key7_gpu0_20260722,selected8_global_head_rescnn_anchor_true_output,rescnn,65,0.23562543721823204
i2_output_prediction_opf1_present_r4_position_bound_spn_rescnn_key7_gpu0_20260722,selected8_global_head_rescnn_anchor_true_output,rescnn,66,0.2344392289494408
i2_output_prediction_opf1_present_r4_position_bound_spn_rescnn_key7_gpu0_20260722,selected8_global_head_rescnn_anchor_true_output,rescnn,67,0.2333642850940123
i2_output_prediction_opf1_present_r4_position_bound_spn_rescnn_key7_gpu0_20260722,selected8_global_head_rescnn_anchor_true_output,rescnn,68,0.23246824904549612
i2_output_prediction_opf1_present_r4_position_bound_spn_rescnn_key7_gpu0_20260722,selected8_global_head_rescnn_anchor_true_output,rescnn,69,0.23120549982877492
i2_output_prediction_opf1_present_r4_position_bound_spn_rescnn_key7_gpu0_20260722,selected8_global_head_rescnn_anchor_true_output,rescnn,70,0.22997881703076928
i2_output_prediction_opf1_present_r4_position_bound_spn_rescnn_key7_gpu0_20260722,selected8_global_head_rescnn_anchor_true_output,rescnn,71,0.22896983684336192
i2_output_prediction_opf1_present_r4_position_bound_spn_rescnn_key7_gpu0_20260722,selected8_global_head_rescnn_anchor_true_output,rescnn,72,0.22714817055339154
i2_output_prediction_opf1_present_r4_position_bound_spn_rescnn_key7_gpu0_20260722,selected8_global_head_rescnn_anchor_true_output,rescnn,73,0.2255665659361057
i2_output_prediction_opf1_present_r4_position_bound_spn_rescnn_key7_gpu0_20260722,selected8_global_head_rescnn_anchor_true_output,rescnn,74,0.22377549162933974
i2_output_prediction_opf1_present_r4_position_bound_spn_rescnn_key7_gpu0_20260722,selected8_global_head_rescnn_anchor_true_output,rescnn,75,0.22217012460191654
i2_output_prediction_opf1_present_r4_position_bound_spn_rescnn_key7_gpu0_20260722,selected8_global_head_rescnn_anchor_true_output,rescnn,76,0.22009681716258456
i2_output_prediction_opf1_present_r4_position_bound_spn_rescnn_key7_gpu0_20260722,selected8_global_head_rescnn_anchor_true_output,rescnn,77,0.21836236025092148
i2_output_prediction_opf1_present_r4_position_bound_spn_rescnn_key7_gpu0_20260722,selected8_global_head_rescnn_anchor_true_output,rescnn,78,0.217141752028283
i2_output_prediction_opf1_present_r4_position_bound_spn_rescnn_key7_gpu0_20260722,selected8_global_head_rescnn_anchor_true_output,rescnn,79,0.21426203752866968
i2_output_prediction_opf1_present_r4_position_bound_spn_rescnn_key7_gpu0_20260722,selected8_global_head_rescnn_anchor_true_output,rescnn,80,0.21227120612593353
i2_output_prediction_opf1_present_r4_position_bound_spn_rescnn_key7_gpu0_20260722,selected8_global_head_rescnn_anchor_true_output,rescnn,81,0.2096978167226098
i2_output_prediction_opf1_present_r4_position_bound_spn_rescnn_key7_gpu0_20260722,selected8_global_head_rescnn_anchor_true_output,rescnn,82,0.20747725437604458
i2_output_prediction_opf1_present_r4_position_bound_spn_rescnn_key7_gpu0_20260722,selected8_global_head_rescnn_anchor_true_output,rescnn,83,0.20465649263815067
i2_output_prediction_opf1_present_r4_position_bound_spn_rescnn_key7_gpu0_20260722,selected8_global_head_rescnn_anchor_true_output,rescnn,84,0.20175008053615784
i2_output_prediction_opf1_present_r4_position_bound_spn_rescnn_key7_gpu0_20260722,selected8_global_head_rescnn_anchor_true_output,rescnn,85,0.19895718053430755
i2_output_prediction_opf1_present_r4_position_bound_spn_rescnn_key7_gpu0_20260722,selected8_global_head_rescnn_anchor_true_output,rescnn,86,0.19597134275159078
i2_output_prediction_opf1_present_r4_position_bound_spn_rescnn_key7_gpu0_20260722,selected8_global_head_rescnn_anchor_true_output,rescnn,87,0.19258863868230947
i2_output_prediction_opf1_present_r4_position_bound_spn_rescnn_key7_gpu0_20260722,selected8_global_head_rescnn_anchor_true_output,rescnn,88,0.18950920320207842
i2_output_prediction_opf1_present_r4_position_bound_spn_rescnn_key7_gpu0_20260722,selected8_global_head_rescnn_anchor_true_output,rescnn,89,0.1863922542599994
i2_output_prediction_opf1_present_r4_position_bound_spn_rescnn_key7_gpu0_20260722,selected8_global_head_rescnn_anchor_true_output,rescnn,90,0.18334953924613728
i2_output_prediction_opf1_present_r4_position_bound_spn_rescnn_key7_gpu0_20260722,selected8_global_head_rescnn_anchor_true_output,rescnn,91,0.17973551803083865
i2_output_prediction_opf1_present_r4_position_bound_spn_rescnn_key7_gpu0_20260722,selected8_global_head_rescnn_anchor_true_output,rescnn,92,0.17617923807870284
i2_output_prediction_opf1_present_r4_position_bound_spn_rescnn_key7_gpu0_20260722,selected8_global_head_rescnn_anchor_true_output,rescnn,93,0.17287328015618186
i2_output_prediction_opf1_present_r4_position_bound_spn_rescnn_key7_gpu0_20260722,selected8_global_head_rescnn_anchor_true_output,rescnn,94,0.16935920789592274
i2_output_prediction_opf1_present_r4_position_bound_spn_rescnn_key7_gpu0_20260722,selected8_global_head_rescnn_anchor_true_output,rescnn,95,0.16569816853120756
i2_output_prediction_opf1_present_r4_position_bound_spn_rescnn_key7_gpu0_20260722,selected8_global_head_rescnn_anchor_true_output,rescnn,96,0.1619913759350311
i2_output_prediction_opf1_present_r4_position_bound_spn_rescnn_key7_gpu0_20260722,selected8_global_head_rescnn_anchor_true_output,rescnn,97,0.1591369474831481
i2_output_prediction_opf1_present_r4_position_bound_spn_rescnn_key7_gpu0_20260722,selected8_global_head_rescnn_anchor_true_output,rescnn,98,0.15521063461460471
i2_output_prediction_opf1_present_r4_position_bound_spn_rescnn_key7_gpu0_20260722,selected8_global_head_rescnn_anchor_true_output,rescnn,99,0.15197543862154816
i2_output_prediction_opf1_present_r4_position_bound_spn_rescnn_key7_gpu0_20260722,selected8_global_head_rescnn_anchor_true_output,rescnn,100,0.14833933768136376
i2_output_prediction_opf1_present_r4_position_bound_spn_rescnn_key7_gpu0_20260722,selected8_position_head_rescnn_no_p_true_output,position_head_rescnn_no_p,1,1.022378111570788
i2_output_prediction_opf1_present_r4_position_bound_spn_rescnn_key7_gpu0_20260722,selected8_position_head_rescnn_no_p_true_output,position_head_rescnn_no_p,2,0.2557705131769126
i2_output_prediction_opf1_present_r4_position_bound_spn_rescnn_key7_gpu0_20260722,selected8_position_head_rescnn_no_p_true_output,position_head_rescnn_no_p,3,0.2520621007902264
i2_output_prediction_opf1_present_r4_position_bound_spn_rescnn_key7_gpu0_20260722,selected8_position_head_rescnn_no_p_true_output,position_head_rescnn_no_p,4,0.25146953259059046
i2_output_prediction_opf1_present_r4_position_bound_spn_rescnn_key7_gpu0_20260722,selected8_position_head_rescnn_no_p_true_output,position_head_rescnn_no_p,5,0.2510339177633796
i2_output_prediction_opf1_present_r4_position_bound_spn_rescnn_key7_gpu0_20260722,selected8_position_head_rescnn_no_p_true_output,position_head_rescnn_no_p,6,0.25076927397503823
i2_output_prediction_opf1_present_r4_position_bound_spn_rescnn_key7_gpu0_20260722,selected8_position_head_rescnn_no_p_true_output,position_head_rescnn_no_p,7,0.25057286079731966
i2_output_prediction_opf1_present_r4_position_bound_spn_rescnn_key7_gpu0_20260722,selected8_position_head_rescnn_no_p_true_output,position_head_rescnn_no_p,8,0.25044350723487696
i2_output_prediction_opf1_present_r4_position_bound_spn_rescnn_key7_gpu0_20260722,selected8_position_head_rescnn_no_p_true_output,position_head_rescnn_no_p,9,0.25035198739487896
i2_output_prediction_opf1_present_r4_position_bound_spn_rescnn_key7_gpu0_20260722,selected8_position_head_rescnn_no_p_true_output,position_head_rescnn_no_p,10,0.25023511026029155
i2_output_prediction_opf1_present_r4_position_bound_spn_rescnn_key7_gpu0_20260722,selected8_position_head_rescnn_no_p_true_output,position_head_rescnn_no_p,11,0.25009891837953546
i2_output_prediction_opf1_present_r4_position_bound_spn_rescnn_key7_gpu0_20260722,selected8_position_head_rescnn_no_p_true_output,position_head_rescnn_no_p,12,0.2500389737097066
i2_output_prediction_opf1_present_r4_position_bound_spn_rescnn_key7_gpu0_20260722,selected8_position_head_rescnn_no_p_true_output,position_head_rescnn_no_p,13,0.24995222580150767
i2_output_prediction_opf1_present_r4_position_bound_spn_rescnn_key7_gpu0_20260722,selected8_position_head_rescnn_no_p_true_output,position_head_rescnn_no_p,14,0.2497861750669017
i2_output_prediction_opf1_present_r4_position_bound_spn_rescnn_key7_gpu0_20260722,selected8_position_head_rescnn_no_p_true_output,position_head_rescnn_no_p,15,0.2496765626854085
i2_output_prediction_opf1_present_r4_position_bound_spn_rescnn_key7_gpu0_20260722,selected8_position_head_rescnn_no_p_true_output,position_head_rescnn_no_p,16,0.24952305187684942
i2_output_prediction_opf1_present_r4_position_bound_spn_rescnn_key7_gpu0_20260722,selected8_position_head_rescnn_no_p_true_output,position_head_rescnn_no_p,17,0.24935523387102876
i2_output_prediction_opf1_present_r4_position_bound_spn_rescnn_key7_gpu0_20260722,selected8_position_head_rescnn_no_p_true_output,position_head_rescnn_no_p,18,0.24918304702487148
i2_output_prediction_opf1_present_r4_position_bound_spn_rescnn_key7_gpu0_20260722,selected8_position_head_rescnn_no_p_true_output,position_head_rescnn_no_p,19,0.24902504887222676
i2_output_prediction_opf1_present_r4_position_bound_spn_rescnn_key7_gpu0_20260722,selected8_position_head_rescnn_no_p_true_output,position_head_rescnn_no_p,20,0.24876626809509617
i2_output_prediction_opf1_present_r4_position_bound_spn_rescnn_key7_gpu0_20260722,selected8_position_head_rescnn_no_p_true_output,position_head_rescnn_no_p,21,0.24851068301359192
i2_output_prediction_opf1_present_r4_position_bound_spn_rescnn_key7_gpu0_20260722,selected8_position_head_rescnn_no_p_true_output,position_head_rescnn_no_p,22,0.24817200957409113
i2_output_prediction_opf1_present_r4_position_bound_spn_rescnn_key7_gpu0_20260722,selected8_position_head_rescnn_no_p_true_output,position_head_rescnn_no_p,23,0.24780923881598937
i2_output_prediction_opf1_present_r4_position_bound_spn_rescnn_key7_gpu0_20260722,selected8_position_head_rescnn_no_p_true_output,position_head_rescnn_no_p,24,0.2473710414217294
i2_output_prediction_opf1_present_r4_position_bound_spn_rescnn_key7_gpu0_20260722,selected8_position_head_rescnn_no_p_true_output,position_head_rescnn_no_p,25,0.2468718337388509
i2_output_prediction_opf1_present_r4_position_bound_spn_rescnn_key7_gpu0_20260722,selected8_position_head_rescnn_no_p_true_output,position_head_rescnn_no_p,26,0.24626361324089885
i2_output_prediction_opf1_present_r4_position_bound_spn_rescnn_key7_gpu0_20260722,selected8_position_head_rescnn_no_p_true_output,position_head_rescnn_no_p,27,0.2455553585839425
i2_output_prediction_opf1_present_r4_position_bound_spn_rescnn_key7_gpu0_20260722,selected8_position_head_rescnn_no_p_true_output,position_head_rescnn_no_p,28,0.24470642308392598
i2_output_prediction_opf1_present_r4_position_bound_spn_rescnn_key7_gpu0_20260722,selected8_position_head_rescnn_no_p_true_output,position_head_rescnn_no_p,29,0.24369406878804512
i2_output_prediction_opf1_present_r4_position_bound_spn_rescnn_key7_gpu0_20260722,selected8_position_head_rescnn_no_p_true_output,position_head_rescnn_no_p,30,0.24253857910184706
i2_output_prediction_opf1_present_r4_position_bound_spn_rescnn_key7_gpu0_20260722,selected8_position_head_rescnn_no_p_true_output,position_head_rescnn_no_p,31,0.24125146817596033
i2_output_prediction_opf1_present_r4_position_bound_spn_rescnn_key7_gpu0_20260722,selected8_position_head_rescnn_no_p_true_output,position_head_rescnn_no_p,32,0.23967926519412686
i2_output_prediction_opf1_present_r4_position_bound_spn_rescnn_key7_gpu0_20260722,selected8_position_head_rescnn_no_p_true_output,position_head_rescnn_no_p,33,0.23799709656282175
i2_output_prediction_opf1_present_r4_position_bound_spn_rescnn_key7_gpu0_20260722,selected8_position_head_rescnn_no_p_true_output,position_head_rescnn_no_p,34,0.2359972553163061
i2_output_prediction_opf1_present_r4_position_bound_spn_rescnn_key7_gpu0_20260722,selected8_position_head_rescnn_no_p_true_output,position_head_rescnn_no_p,35,0.23370190908894983
i2_output_prediction_opf1_present_r4_position_bound_spn_rescnn_key7_gpu0_20260722,selected8_position_head_rescnn_no_p_true_output,position_head_rescnn_no_p,36,0.23108111639476192
i2_output_prediction_opf1_present_r4_position_bound_spn_rescnn_key7_gpu0_20260722,selected8_position_head_rescnn_no_p_true_output,position_head_rescnn_no_p,37,0.2282971593831462
i2_output_prediction_opf1_present_r4_position_bound_spn_rescnn_key7_gpu0_20260722,selected8_position_head_rescnn_no_p_true_output,position_head_rescnn_no_p,38,0.22515105553043213
i2_output_prediction_opf1_present_r4_position_bound_spn_rescnn_key7_gpu0_20260722,selected8_position_head_rescnn_no_p_true_output,position_head_rescnn_no_p,39,0.2217857033163
i2_output_prediction_opf1_present_r4_position_bound_spn_rescnn_key7_gpu0_20260722,selected8_position_head_rescnn_no_p_true_output,position_head_rescnn_no_p,40,0.21827855245987848
i2_output_prediction_opf1_present_r4_position_bound_spn_rescnn_key7_gpu0_20260722,selected8_position_head_rescnn_no_p_true_output,position_head_rescnn_no_p,41,0.2143800519047545
i2_output_prediction_opf1_present_r4_position_bound_spn_rescnn_key7_gpu0_20260722,selected8_position_head_rescnn_no_p_true_output,position_head_rescnn_no_p,42,0.21016638431638057
i2_output_prediction_opf1_present_r4_position_bound_spn_rescnn_key7_gpu0_20260722,selected8_position_head_rescnn_no_p_true_output,position_head_rescnn_no_p,43,0.2059930207749403
i2_output_prediction_opf1_present_r4_position_bound_spn_rescnn_key7_gpu0_20260722,selected8_position_head_rescnn_no_p_true_output,position_head_rescnn_no_p,44,0.20160451711285532
i2_output_prediction_opf1_present_r4_position_bound_spn_rescnn_key7_gpu0_20260722,selected8_position_head_rescnn_no_p_true_output,position_head_rescnn_no_p,45,0.19718093113442592
i2_output_prediction_opf1_present_r4_position_bound_spn_rescnn_key7_gpu0_20260722,selected8_position_head_rescnn_no_p_true_output,position_head_rescnn_no_p,46,0.19262699906653324
i2_output_prediction_opf1_present_r4_position_bound_spn_rescnn_key7_gpu0_20260722,selected8_position_head_rescnn_no_p_true_output,position_head_rescnn_no_p,47,0.1880854023372649
i2_output_prediction_opf1_present_r4_position_bound_spn_rescnn_key7_gpu0_20260722,selected8_position_head_rescnn_no_p_true_output,position_head_rescnn_no_p,48,0.1834341015460268
i2_output_prediction_opf1_present_r4_position_bound_spn_rescnn_key7_gpu0_20260722,selected8_position_head_rescnn_no_p_true_output,position_head_rescnn_no_p,49,0.17869105677164043
i2_output_prediction_opf1_present_r4_position_bound_spn_rescnn_key7_gpu0_20260722,selected8_position_head_rescnn_no_p_true_output,position_head_rescnn_no_p,50,0.17405592517820878
i2_output_prediction_opf1_present_r4_position_bound_spn_rescnn_key7_gpu0_20260722,selected8_position_head_rescnn_no_p_true_output,position_head_rescnn_no_p,51,0.1697545417632682
i2_output_prediction_opf1_present_r4_position_bound_spn_rescnn_key7_gpu0_20260722,selected8_position_head_rescnn_no_p_true_output,position_head_rescnn_no_p,52,0.16525415333421734
i2_output_prediction_opf1_present_r4_position_bound_spn_rescnn_key7_gpu0_20260722,selected8_position_head_rescnn_no_p_true_output,position_head_rescnn_no_p,53,0.16102646154740796
i2_output_prediction_opf1_present_r4_position_bound_spn_rescnn_key7_gpu0_20260722,selected8_position_head_rescnn_no_p_true_output,position_head_rescnn_no_p,54,0.15681862412429837
i2_output_prediction_opf1_present_r4_position_bound_spn_rescnn_key7_gpu0_20260722,selected8_position_head_rescnn_no_p_true_output,position_head_rescnn_no_p,55,0.15271156800758945
i2_output_prediction_opf1_present_r4_position_bound_spn_rescnn_key7_gpu0_20260722,selected8_position_head_rescnn_no_p_true_output,position_head_rescnn_no_p,56,0.1489037537837703
i2_output_prediction_opf1_present_r4_position_bound_spn_rescnn_key7_gpu0_20260722,selected8_position_head_rescnn_no_p_true_output,position_head_rescnn_no_p,57,0.1451365887821794
i2_output_prediction_opf1_present_r4_position_bound_spn_rescnn_key7_gpu0_20260722,selected8_position_head_rescnn_no_p_true_output,position_head_rescnn_no_p,58,0.14157448640730763
i2_output_prediction_opf1_present_r4_position_bound_spn_rescnn_key7_gpu0_20260722,selected8_position_head_rescnn_no_p_true_output,position_head_rescnn_no_p,59,0.13809926835119768
i2_output_prediction_opf1_present_r4_position_bound_spn_rescnn_key7_gpu0_20260722,selected8_position_head_rescnn_no_p_true_output,position_head_rescnn_no_p,60,0.13472581962287222
i2_output_prediction_opf1_present_r4_position_bound_spn_rescnn_key7_gpu0_20260722,selected8_position_head_rescnn_no_p_true_output,position_head_rescnn_no_p,61,0.13167926891969728
i2_output_prediction_opf1_present_r4_position_bound_spn_rescnn_key7_gpu0_20260722,selected8_position_head_rescnn_no_p_true_output,position_head_rescnn_no_p,62,0.12872852477039487
i2_output_prediction_opf1_present_r4_position_bound_spn_rescnn_key7_gpu0_20260722,selected8_position_head_rescnn_no_p_true_output,position_head_rescnn_no_p,63,0.12573193385378545
i2_output_prediction_opf1_present_r4_position_bound_spn_rescnn_key7_gpu0_20260722,selected8_position_head_rescnn_no_p_true_output,position_head_rescnn_no_p,64,0.12322985767764294
i2_output_prediction_opf1_present_r4_position_bound_spn_rescnn_key7_gpu0_20260722,selected8_position_head_rescnn_no_p_true_output,position_head_rescnn_no_p,65,0.12058922385767801
i2_output_prediction_opf1_present_r4_position_bound_spn_rescnn_key7_gpu0_20260722,selected8_position_head_rescnn_no_p_true_output,position_head_rescnn_no_p,66,0.11813484011474884
i2_output_prediction_opf1_present_r4_position_bound_spn_rescnn_key7_gpu0_20260722,selected8_position_head_rescnn_no_p_true_output,position_head_rescnn_no_p,67,0.11586884084817939
i2_output_prediction_opf1_present_r4_position_bound_spn_rescnn_key7_gpu0_20260722,selected8_position_head_rescnn_no_p_true_output,position_head_rescnn_no_p,68,0.11373274097752528
i2_output_prediction_opf1_present_r4_position_bound_spn_rescnn_key7_gpu0_20260722,selected8_position_head_rescnn_no_p_true_output,position_head_rescnn_no_p,69,0.11165896669217545
i2_output_prediction_opf1_present_r4_position_bound_spn_rescnn_key7_gpu0_20260722,selected8_position_head_rescnn_no_p_true_output,position_head_rescnn_no_p,70,0.10964201319995937
i2_output_prediction_opf1_present_r4_position_bound_spn_rescnn_key7_gpu0_20260722,selected8_position_head_rescnn_no_p_true_output,position_head_rescnn_no_p,71,0.10769285748369839
i2_output_prediction_opf1_present_r4_position_bound_spn_rescnn_key7_gpu0_20260722,selected8_position_head_rescnn_no_p_true_output,position_head_rescnn_no_p,72,0.10595455858788227
i2_output_prediction_opf1_present_r4_position_bound_spn_rescnn_key7_gpu0_20260722,selected8_position_head_rescnn_no_p_true_output,position_head_rescnn_no_p,73,0.10425364746004107
i2_output_prediction_opf1_present_r4_position_bound_spn_rescnn_key7_gpu0_20260722,selected8_position_head_rescnn_no_p_true_output,position_head_rescnn_no_p,74,0.1024444059318057
i2_output_prediction_opf1_present_r4_position_bound_spn_rescnn_key7_gpu0_20260722,selected8_position_head_rescnn_no_p_true_output,position_head_rescnn_no_p,75,0.10114392926050186
i2_output_prediction_opf1_present_r4_position_bound_spn_rescnn_key7_gpu0_20260722,selected8_position_head_rescnn_no_p_true_output,position_head_rescnn_no_p,76,0.09966475514227113
i2_output_prediction_opf1_present_r4_position_bound_spn_rescnn_key7_gpu0_20260722,selected8_position_head_rescnn_no_p_true_output,position_head_rescnn_no_p,77,0.09823406913153576
i2_output_prediction_opf1_present_r4_position_bound_spn_rescnn_key7_gpu0_20260722,selected8_position_head_rescnn_no_p_true_output,position_head_rescnn_no_p,78,0.09692758112407773
i2_output_prediction_opf1_present_r4_position_bound_spn_rescnn_key7_gpu0_20260722,selected8_position_head_rescnn_no_p_true_output,position_head_rescnn_no_p,79,0.09578072724661979
i2_output_prediction_opf1_present_r4_position_bound_spn_rescnn_key7_gpu0_20260722,selected8_position_head_rescnn_no_p_true_output,position_head_rescnn_no_p,80,0.09468832065238075
i2_output_prediction_opf1_present_r4_position_bound_spn_rescnn_key7_gpu0_20260722,selected8_position_head_rescnn_no_p_true_output,position_head_rescnn_no_p,81,0.09346437979434086
i2_output_prediction_opf1_present_r4_position_bound_spn_rescnn_key7_gpu0_20260722,selected8_position_head_rescnn_no_p_true_output,position_head_rescnn_no_p,82,0.09234178530323334
i2_output_prediction_opf1_present_r4_position_bound_spn_rescnn_key7_gpu0_20260722,selected8_position_head_rescnn_no_p_true_output,position_head_rescnn_no_p,83,0.0914535016145237
i2_output_prediction_opf1_present_r4_position_bound_spn_rescnn_key7_gpu0_20260722,selected8_position_head_rescnn_no_p_true_output,position_head_rescnn_no_p,84,0.09033060257490888
i2_output_prediction_opf1_present_r4_position_bound_spn_rescnn_key7_gpu0_20260722,selected8_position_head_rescnn_no_p_true_output,position_head_rescnn_no_p,85,0.08936312095590893
i2_output_prediction_opf1_present_r4_position_bound_spn_rescnn_key7_gpu0_20260722,selected8_position_head_rescnn_no_p_true_output,position_head_rescnn_no_p,86,0.08849818680607768
i2_output_prediction_opf1_present_r4_position_bound_spn_rescnn_key7_gpu0_20260722,selected8_position_head_rescnn_no_p_true_output,position_head_rescnn_no_p,87,0.08773283690277367
i2_output_prediction_opf1_present_r4_position_bound_spn_rescnn_key7_gpu0_20260722,selected8_position_head_rescnn_no_p_true_output,position_head_rescnn_no_p,88,0.08688265818864238
i2_output_prediction_opf1_present_r4_position_bound_spn_rescnn_key7_gpu0_20260722,selected8_position_head_rescnn_no_p_true_output,position_head_rescnn_no_p,89,0.0860171429684442
i2_output_prediction_opf1_present_r4_position_bound_spn_rescnn_key7_gpu0_20260722,selected8_position_head_rescnn_no_p_true_output,position_head_rescnn_no_p,90,0.08538426176471603
i2_output_prediction_opf1_present_r4_position_bound_spn_rescnn_key7_gpu0_20260722,selected8_position_head_rescnn_no_p_true_output,position_head_rescnn_no_p,91,0.08472412385151529
i2_output_prediction_opf1_present_r4_position_bound_spn_rescnn_key7_gpu0_20260722,selected8_position_head_rescnn_no_p_true_output,position_head_rescnn_no_p,92,0.08412761843214867
i2_output_prediction_opf1_present_r4_position_bound_spn_rescnn_key7_gpu0_20260722,selected8_position_head_rescnn_no_p_true_output,position_head_rescnn_no_p,93,0.08317979068533532
i2_output_prediction_opf1_present_r4_position_bound_spn_rescnn_key7_gpu0_20260722,selected8_position_head_rescnn_no_p_true_output,position_head_rescnn_no_p,94,0.08274030045254221
i2_output_prediction_opf1_present_r4_position_bound_spn_rescnn_key7_gpu0_20260722,selected8_position_head_rescnn_no_p_true_output,position_head_rescnn_no_p,95,0.08240628273756556
i2_output_prediction_opf1_present_r4_position_bound_spn_rescnn_key7_gpu0_20260722,selected8_position_head_rescnn_no_p_true_output,position_head_rescnn_no_p,96,0.0818571935728869
i2_output_prediction_opf1_present_r4_position_bound_spn_rescnn_key7_gpu0_20260722,selected8_position_head_rescnn_no_p_true_output,position_head_rescnn_no_p,97,0.0816015286734455
i2_output_prediction_opf1_present_r4_position_bound_spn_rescnn_key7_gpu0_20260722,selected8_position_head_rescnn_no_p_true_output,position_head_rescnn_no_p,98,0.08123978238643303
i2_output_prediction_opf1_present_r4_position_bound_spn_rescnn_key7_gpu0_20260722,selected8_position_head_rescnn_no_p_true_output,position_head_rescnn_no_p,99,0.08089299830976415
i2_output_prediction_opf1_present_r4_position_bound_spn_rescnn_key7_gpu0_20260722,selected8_position_head_rescnn_no_p_true_output,position_head_rescnn_no_p,100,0.08041840133432743
i2_output_prediction_opf1_present_r4_position_bound_spn_rescnn_key7_gpu0_20260722,selected8_position_head_spn_rescnn_exact_p_true_output,position_head_spn_rescnn_exact_p,1,1.2184184870588979
i2_output_prediction_opf1_present_r4_position_bound_spn_rescnn_key7_gpu0_20260722,selected8_position_head_spn_rescnn_exact_p_true_output,position_head_spn_rescnn_exact_p,2,0.2524879857128326
i2_output_prediction_opf1_present_r4_position_bound_spn_rescnn_key7_gpu0_20260722,selected8_position_head_spn_rescnn_exact_p_true_output,position_head_spn_rescnn_exact_p,3,0.2512632722298349
i2_output_prediction_opf1_present_r4_position_bound_spn_rescnn_key7_gpu0_20260722,selected8_position_head_spn_rescnn_exact_p_true_output,position_head_spn_rescnn_exact_p,4,0.2506472751281308
i2_output_prediction_opf1_present_r4_position_bound_spn_rescnn_key7_gpu0_20260722,selected8_position_head_spn_rescnn_exact_p_true_output,position_head_spn_rescnn_exact_p,5,0.2500240005770138
i2_output_prediction_opf1_present_r4_position_bound_spn_rescnn_key7_gpu0_20260722,selected8_position_head_spn_rescnn_exact_p_true_output,position_head_spn_rescnn_exact_p,6,0.2491928327756341
i2_output_prediction_opf1_present_r4_position_bound_spn_rescnn_key7_gpu0_20260722,selected8_position_head_spn_rescnn_exact_p_true_output,position_head_spn_rescnn_exact_p,7,0.248088565209855
i2_output_prediction_opf1_present_r4_position_bound_spn_rescnn_key7_gpu0_20260722,selected8_position_head_spn_rescnn_exact_p_true_output,position_head_spn_rescnn_exact_p,8,0.24633053113325332
i2_output_prediction_opf1_present_r4_position_bound_spn_rescnn_key7_gpu0_20260722,selected8_position_head_spn_rescnn_exact_p_true_output,position_head_spn_rescnn_exact_p,9,0.2433733572725032
i2_output_prediction_opf1_present_r4_position_bound_spn_rescnn_key7_gpu0_20260722,selected8_position_head_spn_rescnn_exact_p_true_output,position_head_spn_rescnn_exact_p,10,0.23860172309218797
i2_output_prediction_opf1_present_r4_position_bound_spn_rescnn_key7_gpu0_20260722,selected8_position_head_spn_rescnn_exact_p_true_output,position_head_spn_rescnn_exact_p,11,0.23129746829704345
i2_output_prediction_opf1_present_r4_position_bound_spn_rescnn_key7_gpu0_20260722,selected8_position_head_spn_rescnn_exact_p_true_output,position_head_spn_rescnn_exact_p,12,0.22106133882994072
i2_output_prediction_opf1_present_r4_position_bound_spn_rescnn_key7_gpu0_20260722,selected8_position_head_spn_rescnn_exact_p_true_output,position_head_spn_rescnn_exact_p,13,0.20811830408524656
i2_output_prediction_opf1_present_r4_position_bound_spn_rescnn_key7_gpu0_20260722,selected8_position_head_spn_rescnn_exact_p_true_output,position_head_spn_rescnn_exact_p,14,0.19285017845572838
i2_output_prediction_opf1_present_r4_position_bound_spn_rescnn_key7_gpu0_20260722,selected8_position_head_spn_rescnn_exact_p_true_output,position_head_spn_rescnn_exact_p,15,0.17609587411129723
i2_output_prediction_opf1_present_r4_position_bound_spn_rescnn_key7_gpu0_20260722,selected8_position_head_spn_rescnn_exact_p_true_output,position_head_spn_rescnn_exact_p,16,0.1589588097347132
i2_output_prediction_opf1_present_r4_position_bound_spn_rescnn_key7_gpu0_20260722,selected8_position_head_spn_rescnn_exact_p_true_output,position_head_spn_rescnn_exact_p,17,0.14247669313022016
i2_output_prediction_opf1_present_r4_position_bound_spn_rescnn_key7_gpu0_20260722,selected8_position_head_spn_rescnn_exact_p_true_output,position_head_spn_rescnn_exact_p,18,0.12779391044330168
i2_output_prediction_opf1_present_r4_position_bound_spn_rescnn_key7_gpu0_20260722,selected8_position_head_spn_rescnn_exact_p_true_output,position_head_spn_rescnn_exact_p,19,0.11490209136627527
i2_output_prediction_opf1_present_r4_position_bound_spn_rescnn_key7_gpu0_20260722,selected8_position_head_spn_rescnn_exact_p_true_output,position_head_spn_rescnn_exact_p,20,0.10437022928419992
i2_output_prediction_opf1_present_r4_position_bound_spn_rescnn_key7_gpu0_20260722,selected8_position_head_spn_rescnn_exact_p_true_output,position_head_spn_rescnn_exact_p,21,0.09533533908768277
i2_output_prediction_opf1_present_r4_position_bound_spn_rescnn_key7_gpu0_20260722,selected8_position_head_spn_rescnn_exact_p_true_output,position_head_spn_rescnn_exact_p,22,0.0875766147713648
i2_output_prediction_opf1_present_r4_position_bound_spn_rescnn_key7_gpu0_20260722,selected8_position_head_spn_rescnn_exact_p_true_output,position_head_spn_rescnn_exact_p,23,0.08089974800793698
i2_output_prediction_opf1_present_r4_position_bound_spn_rescnn_key7_gpu0_20260722,selected8_position_head_spn_rescnn_exact_p_true_output,position_head_spn_rescnn_exact_p,24,0.0754295953216797
i2_output_prediction_opf1_present_r4_position_bound_spn_rescnn_key7_gpu0_20260722,selected8_position_head_spn_rescnn_exact_p_true_output,position_head_spn_rescnn_exact_p,25,0.07092061319065124
i2_output_prediction_opf1_present_r4_position_bound_spn_rescnn_key7_gpu0_20260722,selected8_position_head_spn_rescnn_exact_p_true_output,position_head_spn_rescnn_exact_p,26,0.066598204321906
i2_output_prediction_opf1_present_r4_position_bound_spn_rescnn_key7_gpu0_20260722,selected8_position_head_spn_rescnn_exact_p_true_output,position_head_spn_rescnn_exact_p,27,0.06281066108817868
i2_output_prediction_opf1_present_r4_position_bound_spn_rescnn_key7_gpu0_20260722,selected8_position_head_spn_rescnn_exact_p_true_output,position_head_spn_rescnn_exact_p,28,0.05947646119403771
i2_output_prediction_opf1_present_r4_position_bound_spn_rescnn_key7_gpu0_20260722,selected8_position_head_spn_rescnn_exact_p_true_output,position_head_spn_rescnn_exact_p,29,0.05616849056480078
i2_output_prediction_opf1_present_r4_position_bound_spn_rescnn_key7_gpu0_20260722,selected8_position_head_spn_rescnn_exact_p_true_output,position_head_spn_rescnn_exact_p,30,0.05321149586723095
i2_output_prediction_opf1_present_r4_position_bound_spn_rescnn_key7_gpu0_20260722,selected8_position_head_spn_rescnn_exact_p_true_output,position_head_spn_rescnn_exact_p,31,0.05046701139082188
i2_output_prediction_opf1_present_r4_position_bound_spn_rescnn_key7_gpu0_20260722,selected8_position_head_spn_rescnn_exact_p_true_output,position_head_spn_rescnn_exact_p,32,0.04801564604548503
i2_output_prediction_opf1_present_r4_position_bound_spn_rescnn_key7_gpu0_20260722,selected8_position_head_spn_rescnn_exact_p_true_output,position_head_spn_rescnn_exact_p,33,0.04558447789244724
i2_output_prediction_opf1_present_r4_position_bound_spn_rescnn_key7_gpu0_20260722,selected8_position_head_spn_rescnn_exact_p_true_output,position_head_spn_rescnn_exact_p,34,0.04312556980926274
i2_output_prediction_opf1_present_r4_position_bound_spn_rescnn_key7_gpu0_20260722,selected8_position_head_spn_rescnn_exact_p_true_output,position_head_spn_rescnn_exact_p,35,0.041196599490888275
i2_output_prediction_opf1_present_r4_position_bound_spn_rescnn_key7_gpu0_20260722,selected8_position_head_spn_rescnn_exact_p_true_output,position_head_spn_rescnn_exact_p,36,0.03912425219232318
i2_output_prediction_opf1_present_r4_position_bound_spn_rescnn_key7_gpu0_20260722,selected8_position_head_spn_rescnn_exact_p_true_output,position_head_spn_rescnn_exact_p,37,0.03753872020388371
i2_output_prediction_opf1_present_r4_position_bound_spn_rescnn_key7_gpu0_20260722,selected8_position_head_spn_rescnn_exact_p_true_output,position_head_spn_rescnn_exact_p,38,0.03576714703413586
i2_output_prediction_opf1_present_r4_position_bound_spn_rescnn_key7_gpu0_20260722,selected8_position_head_spn_rescnn_exact_p_true_output,position_head_spn_rescnn_exact_p,39,0.03417416745875812
i2_output_prediction_opf1_present_r4_position_bound_spn_rescnn_key7_gpu0_20260722,selected8_position_head_spn_rescnn_exact_p_true_output,position_head_spn_rescnn_exact_p,40,0.03293149876833468
i2_output_prediction_opf1_present_r4_position_bound_spn_rescnn_key7_gpu0_20260722,selected8_position_head_spn_rescnn_exact_p_true_output,position_head_spn_rescnn_exact_p,41,0.0315160833197865
i2_output_prediction_opf1_present_r4_position_bound_spn_rescnn_key7_gpu0_20260722,selected8_position_head_spn_rescnn_exact_p_true_output,position_head_spn_rescnn_exact_p,42,0.030305042534081394
i2_output_prediction_opf1_present_r4_position_bound_spn_rescnn_key7_gpu0_20260722,selected8_position_head_spn_rescnn_exact_p_true_output,position_head_spn_rescnn_exact_p,43,0.02921754827627865
i2_output_prediction_opf1_present_r4_position_bound_spn_rescnn_key7_gpu0_20260722,selected8_position_head_spn_rescnn_exact_p_true_output,position_head_spn_rescnn_exact_p,44,0.028092560287291235
i2_output_prediction_opf1_present_r4_position_bound_spn_rescnn_key7_gpu0_20260722,selected8_position_head_spn_rescnn_exact_p_true_output,position_head_spn_rescnn_exact_p,45,0.027368269943735868
i2_output_prediction_opf1_present_r4_position_bound_spn_rescnn_key7_gpu0_20260722,selected8_position_head_spn_rescnn_exact_p_true_output,position_head_spn_rescnn_exact_p,46,0.026418042836041877
i2_output_prediction_opf1_present_r4_position_bound_spn_rescnn_key7_gpu0_20260722,selected8_position_head_spn_rescnn_exact_p_true_output,position_head_spn_rescnn_exact_p,47,0.0256632120021294
i2_output_prediction_opf1_present_r4_position_bound_spn_rescnn_key7_gpu0_20260722,selected8_position_head_spn_rescnn_exact_p_true_output,position_head_spn_rescnn_exact_p,48,0.024822218661384454
i2_output_prediction_opf1_present_r4_position_bound_spn_rescnn_key7_gpu0_20260722,selected8_position_head_spn_rescnn_exact_p_true_output,position_head_spn_rescnn_exact_p,49,0.023973738395170585
i2_output_prediction_opf1_present_r4_position_bound_spn_rescnn_key7_gpu0_20260722,selected8_position_head_spn_rescnn_exact_p_true_output,position_head_spn_rescnn_exact_p,50,0.02366457833217339
i2_output_prediction_opf1_present_r4_position_bound_spn_rescnn_key7_gpu0_20260722,selected8_position_head_spn_rescnn_exact_p_true_output,position_head_spn_rescnn_exact_p,51,0.02293060573148864
i2_output_prediction_opf1_present_r4_position_bound_spn_rescnn_key7_gpu0_20260722,selected8_position_head_spn_rescnn_exact_p_true_output,position_head_spn_rescnn_exact_p,52,0.02216085219760089
i2_output_prediction_opf1_present_r4_position_bound_spn_rescnn_key7_gpu0_20260722,selected8_position_head_spn_rescnn_exact_p_true_output,position_head_spn_rescnn_exact_p,53,0.021711490784539933
i2_output_prediction_opf1_present_r4_position_bound_spn_rescnn_key7_gpu0_20260722,selected8_position_head_spn_rescnn_exact_p_true_output,position_head_spn_rescnn_exact_p,54,0.021304352127458515
i2_output_prediction_opf1_present_r4_position_bound_spn_rescnn_key7_gpu0_20260722,selected8_position_head_spn_rescnn_exact_p_true_output,position_head_spn_rescnn_exact_p,55,0.02065926412954866
i2_output_prediction_opf1_present_r4_position_bound_spn_rescnn_key7_gpu0_20260722,selected8_position_head_spn_rescnn_exact_p_true_output,position_head_spn_rescnn_exact_p,56,0.020248233783092928
i2_output_prediction_opf1_present_r4_position_bound_spn_rescnn_key7_gpu0_20260722,selected8_position_head_spn_rescnn_exact_p_true_output,position_head_spn_rescnn_exact_p,57,0.019851157185172497
i2_output_prediction_opf1_present_r4_position_bound_spn_rescnn_key7_gpu0_20260722,selected8_position_head_spn_rescnn_exact_p_true_output,position_head_spn_rescnn_exact_p,58,0.01934071783720981
i2_output_prediction_opf1_present_r4_position_bound_spn_rescnn_key7_gpu0_20260722,selected8_position_head_spn_rescnn_exact_p_true_output,position_head_spn_rescnn_exact_p,59,0.01907074255198893
i2_output_prediction_opf1_present_r4_position_bound_spn_rescnn_key7_gpu0_20260722,selected8_position_head_spn_rescnn_exact_p_true_output,position_head_spn_rescnn_exact_p,60,0.018707178258154045
i2_output_prediction_opf1_present_r4_position_bound_spn_rescnn_key7_gpu0_20260722,selected8_position_head_spn_rescnn_exact_p_true_output,position_head_spn_rescnn_exact_p,61,0.01833751859834365
i2_output_prediction_opf1_present_r4_position_bound_spn_rescnn_key7_gpu0_20260722,selected8_position_head_spn_rescnn_exact_p_true_output,position_head_spn_rescnn_exact_p,62,0.017963220543506964
i2_output_prediction_opf1_present_r4_position_bound_spn_rescnn_key7_gpu0_20260722,selected8_position_head_spn_rescnn_exact_p_true_output,position_head_spn_rescnn_exact_p,63,0.01762040162763867
i2_output_prediction_opf1_present_r4_position_bound_spn_rescnn_key7_gpu0_20260722,selected8_position_head_spn_rescnn_exact_p_true_output,position_head_spn_rescnn_exact_p,64,0.017336369454426404
i2_output_prediction_opf1_present_r4_position_bound_spn_rescnn_key7_gpu0_20260722,selected8_position_head_spn_rescnn_exact_p_true_output,position_head_spn_rescnn_exact_p,65,0.017018604488583833
i2_output_prediction_opf1_present_r4_position_bound_spn_rescnn_key7_gpu0_20260722,selected8_position_head_spn_rescnn_exact_p_true_output,position_head_spn_rescnn_exact_p,66,0.016886042378303046
i2_output_prediction_opf1_present_r4_position_bound_spn_rescnn_key7_gpu0_20260722,selected8_position_head_spn_rescnn_exact_p_true_output,position_head_spn_rescnn_exact_p,67,0.01643695230109188
i2_output_prediction_opf1_present_r4_position_bound_spn_rescnn_key7_gpu0_20260722,selected8_position_head_spn_rescnn_exact_p_true_output,position_head_spn_rescnn_exact_p,68,0.016224772355386108
i2_output_prediction_opf1_present_r4_position_bound_spn_rescnn_key7_gpu0_20260722,selected8_position_head_spn_rescnn_exact_p_true_output,position_head_spn_rescnn_exact_p,69,0.015877857490991687
i2_output_prediction_opf1_present_r4_position_bound_spn_rescnn_key7_gpu0_20260722,selected8_position_head_spn_rescnn_exact_p_true_output,position_head_spn_rescnn_exact_p,70,0.01566871328986963
i2_output_prediction_opf1_present_r4_position_bound_spn_rescnn_key7_gpu0_20260722,selected8_position_head_spn_rescnn_exact_p_true_output,position_head_spn_rescnn_exact_p,71,0.015540309034022926
i2_output_prediction_opf1_present_r4_position_bound_spn_rescnn_key7_gpu0_20260722,selected8_position_head_spn_rescnn_exact_p_true_output,position_head_spn_rescnn_exact_p,72,0.01523929803063595
i2_output_prediction_opf1_present_r4_position_bound_spn_rescnn_key7_gpu0_20260722,selected8_position_head_spn_rescnn_exact_p_true_output,position_head_spn_rescnn_exact_p,73,0.015132784954751344
i2_output_prediction_opf1_present_r4_position_bound_spn_rescnn_key7_gpu0_20260722,selected8_position_head_spn_rescnn_exact_p_true_output,position_head_spn_rescnn_exact_p,74,0.014619482148788165
i2_output_prediction_opf1_present_r4_position_bound_spn_rescnn_key7_gpu0_20260722,selected8_position_head_spn_rescnn_exact_p_true_output,position_head_spn_rescnn_exact_p,75,0.014426145704376836
i2_output_prediction_opf1_present_r4_position_bound_spn_rescnn_key7_gpu0_20260722,selected8_position_head_spn_rescnn_exact_p_true_output,position_head_spn_rescnn_exact_p,76,0.014244926918223655
i2_output_prediction_opf1_present_r4_position_bound_spn_rescnn_key7_gpu0_20260722,selected8_position_head_spn_rescnn_exact_p_true_output,position_head_spn_rescnn_exact_p,77,0.014116409913654593
i2_output_prediction_opf1_present_r4_position_bound_spn_rescnn_key7_gpu0_20260722,selected8_position_head_spn_rescnn_exact_p_true_output,position_head_spn_rescnn_exact_p,78,0.013920667376233098
i2_output_prediction_opf1_present_r4_position_bound_spn_rescnn_key7_gpu0_20260722,selected8_position_head_spn_rescnn_exact_p_true_output,position_head_spn_rescnn_exact_p,79,0.013652085768804056
i2_output_prediction_opf1_present_r4_position_bound_spn_rescnn_key7_gpu0_20260722,selected8_position_head_spn_rescnn_exact_p_true_output,position_head_spn_rescnn_exact_p,80,0.013456827101734348
i2_output_prediction_opf1_present_r4_position_bound_spn_rescnn_key7_gpu0_20260722,selected8_position_head_spn_rescnn_exact_p_true_output,position_head_spn_rescnn_exact_p,81,0.013496143257619053
i2_output_prediction_opf1_present_r4_position_bound_spn_rescnn_key7_gpu0_20260722,selected8_position_head_spn_rescnn_exact_p_true_output,position_head_spn_rescnn_exact_p,82,0.01295924593879505
i2_output_prediction_opf1_present_r4_position_bound_spn_rescnn_key7_gpu0_20260722,selected8_position_head_spn_rescnn_exact_p_true_output,position_head_spn_rescnn_exact_p,83,0.01306998459251929
i2_output_prediction_opf1_present_r4_position_bound_spn_rescnn_key7_gpu0_20260722,selected8_position_head_spn_rescnn_exact_p_true_output,position_head_spn_rescnn_exact_p,84,0.012992780870874299
i2_output_prediction_opf1_present_r4_position_bound_spn_rescnn_key7_gpu0_20260722,selected8_position_head_spn_rescnn_exact_p_true_output,position_head_spn_rescnn_exact_p,85,0.012777161346242849
i2_output_prediction_opf1_present_r4_position_bound_spn_rescnn_key7_gpu0_20260722,selected8_position_head_spn_rescnn_exact_p_true_output,position_head_spn_rescnn_exact_p,86,0.012620983467805047
i2_output_prediction_opf1_present_r4_position_bound_spn_rescnn_key7_gpu0_20260722,selected8_position_head_spn_rescnn_exact_p_true_output,position_head_spn_rescnn_exact_p,87,0.012285995717192577
i2_output_prediction_opf1_present_r4_position_bound_spn_rescnn_key7_gpu0_20260722,selected8_position_head_spn_rescnn_exact_p_true_output,position_head_spn_rescnn_exact_p,88,0.012229397006443321
i2_output_prediction_opf1_present_r4_position_bound_spn_rescnn_key7_gpu0_20260722,selected8_position_head_spn_rescnn_exact_p_true_output,position_head_spn_rescnn_exact_p,89,0.012217260782939832
i2_output_prediction_opf1_present_r4_position_bound_spn_rescnn_key7_gpu0_20260722,selected8_position_head_spn_rescnn_exact_p_true_output,position_head_spn_rescnn_exact_p,90,0.01202329753188991
i2_output_prediction_opf1_present_r4_position_bound_spn_rescnn_key7_gpu0_20260722,selected8_position_head_spn_rescnn_exact_p_true_output,position_head_spn_rescnn_exact_p,91,0.011779827950824995
i2_output_prediction_opf1_present_r4_position_bound_spn_rescnn_key7_gpu0_20260722,selected8_position_head_spn_rescnn_exact_p_true_output,position_head_spn_rescnn_exact_p,92,0.011807858214176292
i2_output_prediction_opf1_present_r4_position_bound_spn_rescnn_key7_gpu0_20260722,selected8_position_head_spn_rescnn_exact_p_true_output,position_head_spn_rescnn_exact_p,93,0.011570000536892167
i2_output_prediction_opf1_present_r4_position_bound_spn_rescnn_key7_gpu0_20260722,selected8_position_head_spn_rescnn_exact_p_true_output,position_head_spn_rescnn_exact_p,94,0.0115266680212045
i2_output_prediction_opf1_present_r4_position_bound_spn_rescnn_key7_gpu0_20260722,selected8_position_head_spn_rescnn_exact_p_true_output,position_head_spn_rescnn_exact_p,95,0.011428047674264974
i2_output_prediction_opf1_present_r4_position_bound_spn_rescnn_key7_gpu0_20260722,selected8_position_head_spn_rescnn_exact_p_true_output,position_head_spn_rescnn_exact_p,96,0.01117308612106882
i2_output_prediction_opf1_present_r4_position_bound_spn_rescnn_key7_gpu0_20260722,selected8_position_head_spn_rescnn_exact_p_true_output,position_head_spn_rescnn_exact_p,97,0.011130617747028282
i2_output_prediction_opf1_present_r4_position_bound_spn_rescnn_key7_gpu0_20260722,selected8_position_head_spn_rescnn_exact_p_true_output,position_head_spn_rescnn_exact_p,98,0.010985421543772134
i2_output_prediction_opf1_present_r4_position_bound_spn_rescnn_key7_gpu0_20260722,selected8_position_head_spn_rescnn_exact_p_true_output,position_head_spn_rescnn_exact_p,99,0.01092512912443766
i2_output_prediction_opf1_present_r4_position_bound_spn_rescnn_key7_gpu0_20260722,selected8_position_head_spn_rescnn_exact_p_true_output,position_head_spn_rescnn_exact_p,100,0.010674144067941427
i2_output_prediction_opf1_present_r4_position_bound_spn_rescnn_key7_gpu0_20260722,selected8_position_head_spn_rescnn_wrong_p_true_output,position_head_spn_rescnn_wrong_p,1,0.8367241665850997
i2_output_prediction_opf1_present_r4_position_bound_spn_rescnn_key7_gpu0_20260722,selected8_position_head_spn_rescnn_wrong_p_true_output,position_head_spn_rescnn_wrong_p,2,0.25359966434211856
i2_output_prediction_opf1_present_r4_position_bound_spn_rescnn_key7_gpu0_20260722,selected8_position_head_spn_rescnn_wrong_p_true_output,position_head_spn_rescnn_wrong_p,3,0.2524904665201575
i2_output_prediction_opf1_present_r4_position_bound_spn_rescnn_key7_gpu0_20260722,selected8_position_head_spn_rescnn_wrong_p_true_output,position_head_spn_rescnn_wrong_p,4,0.25100628716631945
i2_output_prediction_opf1_present_r4_position_bound_spn_rescnn_key7_gpu0_20260722,selected8_position_head_spn_rescnn_wrong_p_true_output,position_head_spn_rescnn_wrong_p,5,0.2505273040362681
i2_output_prediction_opf1_present_r4_position_bound_spn_rescnn_key7_gpu0_20260722,selected8_position_head_spn_rescnn_wrong_p_true_output,position_head_spn_rescnn_wrong_p,6,0.2501836191058828
i2_output_prediction_opf1_present_r4_position_bound_spn_rescnn_key7_gpu0_20260722,selected8_position_head_spn_rescnn_wrong_p_true_output,position_head_spn_rescnn_wrong_p,7,0.249752464494577
i2_output_prediction_opf1_present_r4_position_bound_spn_rescnn_key7_gpu0_20260722,selected8_position_head_spn_rescnn_wrong_p_true_output,position_head_spn_rescnn_wrong_p,8,0.24916282643653176
i2_output_prediction_opf1_present_r4_position_bound_spn_rescnn_key7_gpu0_20260722,selected8_position_head_spn_rescnn_wrong_p_true_output,position_head_spn_rescnn_wrong_p,9,0.24827247745179193
i2_output_prediction_opf1_present_r4_position_bound_spn_rescnn_key7_gpu0_20260722,selected8_position_head_spn_rescnn_wrong_p_true_output,position_head_spn_rescnn_wrong_p,10,0.24711423333792482
i2_output_prediction_opf1_present_r4_position_bound_spn_rescnn_key7_gpu0_20260722,selected8_position_head_spn_rescnn_wrong_p_true_output,position_head_spn_rescnn_wrong_p,11,0.2452248265781236
i2_output_prediction_opf1_present_r4_position_bound_spn_rescnn_key7_gpu0_20260722,selected8_position_head_spn_rescnn_wrong_p_true_output,position_head_spn_rescnn_wrong_p,12,0.24230667606752831
i2_output_prediction_opf1_present_r4_position_bound_spn_rescnn_key7_gpu0_20260722,selected8_position_head_spn_rescnn_wrong_p_true_output,position_head_spn_rescnn_wrong_p,13,0.23790725302046667
i2_output_prediction_opf1_present_r4_position_bound_spn_rescnn_key7_gpu0_20260722,selected8_position_head_spn_rescnn_wrong_p_true_output,position_head_spn_rescnn_wrong_p,14,0.231673205959396
i2_output_prediction_opf1_present_r4_position_bound_spn_rescnn_key7_gpu0_20260722,selected8_position_head_spn_rescnn_wrong_p_true_output,position_head_spn_rescnn_wrong_p,15,0.22342643677234264
i2_output_prediction_opf1_present_r4_position_bound_spn_rescnn_key7_gpu0_20260722,selected8_position_head_spn_rescnn_wrong_p_true_output,position_head_spn_rescnn_wrong_p,16,0.2132311428713365
i2_output_prediction_opf1_present_r4_position_bound_spn_rescnn_key7_gpu0_20260722,selected8_position_head_spn_rescnn_wrong_p_true_output,position_head_spn_rescnn_wrong_p,17,0.2010879505696721
i2_output_prediction_opf1_present_r4_position_bound_spn_rescnn_key7_gpu0_20260722,selected8_position_head_spn_rescnn_wrong_p_true_output,position_head_spn_rescnn_wrong_p,18,0.18773984842209757
i2_output_prediction_opf1_present_r4_position_bound_spn_rescnn_key7_gpu0_20260722,selected8_position_head_spn_rescnn_wrong_p_true_output,position_head_spn_rescnn_wrong_p,19,0.17366582521958662
i2_output_prediction_opf1_present_r4_position_bound_spn_rescnn_key7_gpu0_20260722,selected8_position_head_spn_rescnn_wrong_p_true_output,position_head_spn_rescnn_wrong_p,20,0.1592306702134465
i2_output_prediction_opf1_present_r4_position_bound_spn_rescnn_key7_gpu0_20260722,selected8_position_head_spn_rescnn_wrong_p_true_output,position_head_spn_rescnn_wrong_p,21,0.14477836126059174
i2_output_prediction_opf1_present_r4_position_bound_spn_rescnn_key7_gpu0_20260722,selected8_position_head_spn_rescnn_wrong_p_true_output,position_head_spn_rescnn_wrong_p,22,0.1309645032873732
i2_output_prediction_opf1_present_r4_position_bound_spn_rescnn_key7_gpu0_20260722,selected8_position_head_spn_rescnn_wrong_p_true_output,position_head_spn_rescnn_wrong_p,23,0.11786659820427303
i2_output_prediction_opf1_present_r4_position_bound_spn_rescnn_key7_gpu0_20260722,selected8_position_head_spn_rescnn_wrong_p_true_output,position_head_spn_rescnn_wrong_p,24,0.10555886084625854
i2_output_prediction_opf1_present_r4_position_bound_spn_rescnn_key7_gpu0_20260722,selected8_position_head_spn_rescnn_wrong_p_true_output,position_head_spn_rescnn_wrong_p,25,0.09460089884828449
i2_output_prediction_opf1_present_r4_position_bound_spn_rescnn_key7_gpu0_20260722,selected8_position_head_spn_rescnn_wrong_p_true_output,position_head_spn_rescnn_wrong_p,26,0.08455757515093865
i2_output_prediction_opf1_present_r4_position_bound_spn_rescnn_key7_gpu0_20260722,selected8_position_head_spn_rescnn_wrong_p_true_output,position_head_spn_rescnn_wrong_p,27,0.07541636225158754
i2_output_prediction_opf1_present_r4_position_bound_spn_rescnn_key7_gpu0_20260722,selected8_position_head_spn_rescnn_wrong_p_true_output,position_head_spn_rescnn_wrong_p,28,0.0674402486768031
i2_output_prediction_opf1_present_r4_position_bound_spn_rescnn_key7_gpu0_20260722,selected8_position_head_spn_rescnn_wrong_p_true_output,position_head_spn_rescnn_wrong_p,29,0.0611484315622306
i2_output_prediction_opf1_present_r4_position_bound_spn_rescnn_key7_gpu0_20260722,selected8_position_head_spn_rescnn_wrong_p_true_output,position_head_spn_rescnn_wrong_p,30,0.055724921973080654
i2_output_prediction_opf1_present_r4_position_bound_spn_rescnn_key7_gpu0_20260722,selected8_position_head_spn_rescnn_wrong_p_true_output,position_head_spn_rescnn_wrong_p,31,0.051992142157246235
i2_output_prediction_opf1_present_r4_position_bound_spn_rescnn_key7_gpu0_20260722,selected8_position_head_spn_rescnn_wrong_p_true_output,position_head_spn_rescnn_wrong_p,32,0.04873650372275051
i2_output_prediction_opf1_present_r4_position_bound_spn_rescnn_key7_gpu0_20260722,selected8_position_head_spn_rescnn_wrong_p_true_output,position_head_spn_rescnn_wrong_p,33,0.045659097797681625
i2_output_prediction_opf1_present_r4_position_bound_spn_rescnn_key7_gpu0_20260722,selected8_position_head_spn_rescnn_wrong_p_true_output,position_head_spn_rescnn_wrong_p,34,0.042920795406161005
i2_output_prediction_opf1_present_r4_position_bound_spn_rescnn_key7_gpu0_20260722,selected8_position_head_spn_rescnn_wrong_p_true_output,position_head_spn_rescnn_wrong_p,35,0.040953262609008334
i2_output_prediction_opf1_present_r4_position_bound_spn_rescnn_key7_gpu0_20260722,selected8_position_head_spn_rescnn_wrong_p_true_output,position_head_spn_rescnn_wrong_p,36,0.038981793843589685
i2_output_prediction_opf1_present_r4_position_bound_spn_rescnn_key7_gpu0_20260722,selected8_position_head_spn_rescnn_wrong_p_true_output,position_head_spn_rescnn_wrong_p,37,0.037144192862967884
i2_output_prediction_opf1_present_r4_position_bound_spn_rescnn_key7_gpu0_20260722,selected8_position_head_spn_rescnn_wrong_p_true_output,position_head_spn_rescnn_wrong_p,38,0.03558240662724188
i2_output_prediction_opf1_present_r4_position_bound_spn_rescnn_key7_gpu0_20260722,selected8_position_head_spn_rescnn_wrong_p_true_output,position_head_spn_rescnn_wrong_p,39,0.034258911456390706
i2_output_prediction_opf1_present_r4_position_bound_spn_rescnn_key7_gpu0_20260722,selected8_position_head_spn_rescnn_wrong_p_true_output,position_head_spn_rescnn_wrong_p,40,0.032888054771404995
i2_output_prediction_opf1_present_r4_position_bound_spn_rescnn_key7_gpu0_20260722,selected8_position_head_spn_rescnn_wrong_p_true_output,position_head_spn_rescnn_wrong_p,41,0.031821421042764086
i2_output_prediction_opf1_present_r4_position_bound_spn_rescnn_key7_gpu0_20260722,selected8_position_head_spn_rescnn_wrong_p_true_output,position_head_spn_rescnn_wrong_p,42,0.030465981641043527
i2_output_prediction_opf1_present_r4_position_bound_spn_rescnn_key7_gpu0_20260722,selected8_position_head_spn_rescnn_wrong_p_true_output,position_head_spn_rescnn_wrong_p,43,0.029625705918334688
i2_output_prediction_opf1_present_r4_position_bound_spn_rescnn_key7_gpu0_20260722,selected8_position_head_spn_rescnn_wrong_p_true_output,position_head_spn_rescnn_wrong_p,44,0.028425567831220633
i2_output_prediction_opf1_present_r4_position_bound_spn_rescnn_key7_gpu0_20260722,selected8_position_head_spn_rescnn_wrong_p_true_output,position_head_spn_rescnn_wrong_p,45,0.02756620666150411
i2_output_prediction_opf1_present_r4_position_bound_spn_rescnn_key7_gpu0_20260722,selected8_position_head_spn_rescnn_wrong_p_true_output,position_head_spn_rescnn_wrong_p,46,0.026878133337447707
i2_output_prediction_opf1_present_r4_position_bound_spn_rescnn_key7_gpu0_20260722,selected8_position_head_spn_rescnn_wrong_p_true_output,position_head_spn_rescnn_wrong_p,47,0.025804007915070315
i2_output_prediction_opf1_present_r4_position_bound_spn_rescnn_key7_gpu0_20260722,selected8_position_head_spn_rescnn_wrong_p_true_output,position_head_spn_rescnn_wrong_p,48,0.0250081281526775
i2_output_prediction_opf1_present_r4_position_bound_spn_rescnn_key7_gpu0_20260722,selected8_position_head_spn_rescnn_wrong_p_true_output,position_head_spn_rescnn_wrong_p,49,0.024343494233377783
i2_output_prediction_opf1_present_r4_position_bound_spn_rescnn_key7_gpu0_20260722,selected8_position_head_spn_rescnn_wrong_p_true_output,position_head_spn_rescnn_wrong_p,50,0.02370159759986734
i2_output_prediction_opf1_present_r4_position_bound_spn_rescnn_key7_gpu0_20260722,selected8_position_head_spn_rescnn_wrong_p_true_output,position_head_spn_rescnn_wrong_p,51,0.023060258760963848
i2_output_prediction_opf1_present_r4_position_bound_spn_rescnn_key7_gpu0_20260722,selected8_position_head_spn_rescnn_wrong_p_true_output,position_head_spn_rescnn_wrong_p,52,0.02235082002455613
i2_output_prediction_opf1_present_r4_position_bound_spn_rescnn_key7_gpu0_20260722,selected8_position_head_spn_rescnn_wrong_p_true_output,position_head_spn_rescnn_wrong_p,53,0.021564395026572925
i2_output_prediction_opf1_present_r4_position_bound_spn_rescnn_key7_gpu0_20260722,selected8_position_head_spn_rescnn_wrong_p_true_output,position_head_spn_rescnn_wrong_p,54,0.021188444895159364
i2_output_prediction_opf1_present_r4_position_bound_spn_rescnn_key7_gpu0_20260722,selected8_position_head_spn_rescnn_wrong_p_true_output,position_head_spn_rescnn_wrong_p,55,0.020535369113702018
i2_output_prediction_opf1_present_r4_position_bound_spn_rescnn_key7_gpu0_20260722,selected8_position_head_spn_rescnn_wrong_p_true_output,position_head_spn_rescnn_wrong_p,56,0.020095491815496302
i2_output_prediction_opf1_present_r4_position_bound_spn_rescnn_key7_gpu0_20260722,selected8_position_head_spn_rescnn_wrong_p_true_output,position_head_spn_rescnn_wrong_p,57,0.019640872233978257
i2_output_prediction_opf1_present_r4_position_bound_spn_rescnn_key7_gpu0_20260722,selected8_position_head_spn_rescnn_wrong_p_true_output,position_head_spn_rescnn_wrong_p,58,0.019194890889352223
i2_output_prediction_opf1_present_r4_position_bound_spn_rescnn_key7_gpu0_20260722,selected8_position_head_spn_rescnn_wrong_p_true_output,position_head_spn_rescnn_wrong_p,59,0.018862937162040794
i2_output_prediction_opf1_present_r4_position_bound_spn_rescnn_key7_gpu0_20260722,selected8_position_head_spn_rescnn_wrong_p_true_output,position_head_spn_rescnn_wrong_p,60,0.018432873075894918
i2_output_prediction_opf1_present_r4_position_bound_spn_rescnn_key7_gpu0_20260722,selected8_position_head_spn_rescnn_wrong_p_true_output,position_head_spn_rescnn_wrong_p,61,0.017824282870606112
i2_output_prediction_opf1_present_r4_position_bound_spn_rescnn_key7_gpu0_20260722,selected8_position_head_spn_rescnn_wrong_p_true_output,position_head_spn_rescnn_wrong_p,62,0.0176537602607425
i2_output_prediction_opf1_present_r4_position_bound_spn_rescnn_key7_gpu0_20260722,selected8_position_head_spn_rescnn_wrong_p_true_output,position_head_spn_rescnn_wrong_p,63,0.017334489389185137
i2_output_prediction_opf1_present_r4_position_bound_spn_rescnn_key7_gpu0_20260722,selected8_position_head_spn_rescnn_wrong_p_true_output,position_head_spn_rescnn_wrong_p,64,0.016703716181041273
i2_output_prediction_opf1_present_r4_position_bound_spn_rescnn_key7_gpu0_20260722,selected8_position_head_spn_rescnn_wrong_p_true_output,position_head_spn_rescnn_wrong_p,65,0.016607955736361646
i2_output_prediction_opf1_present_r4_position_bound_spn_rescnn_key7_gpu0_20260722,selected8_position_head_spn_rescnn_wrong_p_true_output,position_head_spn_rescnn_wrong_p,66,0.01632562250905778
i2_output_prediction_opf1_present_r4_position_bound_spn_rescnn_key7_gpu0_20260722,selected8_position_head_spn_rescnn_wrong_p_true_output,position_head_spn_rescnn_wrong_p,67,0.015816186748168093
i2_output_prediction_opf1_present_r4_position_bound_spn_rescnn_key7_gpu0_20260722,selected8_position_head_spn_rescnn_wrong_p_true_output,position_head_spn_rescnn_wrong_p,68,0.015503393160713586
i2_output_prediction_opf1_present_r4_position_bound_spn_rescnn_key7_gpu0_20260722,selected8_position_head_spn_rescnn_wrong_p_true_output,position_head_spn_rescnn_wrong_p,69,0.015276319695075813
i2_output_prediction_opf1_present_r4_position_bound_spn_rescnn_key7_gpu0_20260722,selected8_position_head_spn_rescnn_wrong_p_true_output,position_head_spn_rescnn_wrong_p,70,0.01506230681728482
i2_output_prediction_opf1_present_r4_position_bound_spn_rescnn_key7_gpu0_20260722,selected8_position_head_spn_rescnn_wrong_p_true_output,position_head_spn_rescnn_wrong_p,71,0.014731409053126754
i2_output_prediction_opf1_present_r4_position_bound_spn_rescnn_key7_gpu0_20260722,selected8_position_head_spn_rescnn_wrong_p_true_output,position_head_spn_rescnn_wrong_p,72,0.014585212301582828
i2_output_prediction_opf1_present_r4_position_bound_spn_rescnn_key7_gpu0_20260722,selected8_position_head_spn_rescnn_wrong_p_true_output,position_head_spn_rescnn_wrong_p,73,0.014388972167274972
i2_output_prediction_opf1_present_r4_position_bound_spn_rescnn_key7_gpu0_20260722,selected8_position_head_spn_rescnn_wrong_p_true_output,position_head_spn_rescnn_wrong_p,74,0.0138506035732604
i2_output_prediction_opf1_present_r4_position_bound_spn_rescnn_key7_gpu0_20260722,selected8_position_head_spn_rescnn_wrong_p_true_output,position_head_spn_rescnn_wrong_p,75,0.013798792188914888
i2_output_prediction_opf1_present_r4_position_bound_spn_rescnn_key7_gpu0_20260722,selected8_position_head_spn_rescnn_wrong_p_true_output,position_head_spn_rescnn_wrong_p,76,0.01352098036518612
i2_output_prediction_opf1_present_r4_position_bound_spn_rescnn_key7_gpu0_20260722,selected8_position_head_spn_rescnn_wrong_p_true_output,position_head_spn_rescnn_wrong_p,77,0.01331074495838891
i2_output_prediction_opf1_present_r4_position_bound_spn_rescnn_key7_gpu0_20260722,selected8_position_head_spn_rescnn_wrong_p_true_output,position_head_spn_rescnn_wrong_p,78,0.01304087264774978
i2_output_prediction_opf1_present_r4_position_bound_spn_rescnn_key7_gpu0_20260722,selected8_position_head_spn_rescnn_wrong_p_true_output,position_head_spn_rescnn_wrong_p,79,0.012980947156890466
i2_output_prediction_opf1_present_r4_position_bound_spn_rescnn_key7_gpu0_20260722,selected8_position_head_spn_rescnn_wrong_p_true_output,position_head_spn_rescnn_wrong_p,80,0.012801942483996243
i2_output_prediction_opf1_present_r4_position_bound_spn_rescnn_key7_gpu0_20260722,selected8_position_head_spn_rescnn_wrong_p_true_output,position_head_spn_rescnn_wrong_p,81,0.012571786081572611
i2_output_prediction_opf1_present_r4_position_bound_spn_rescnn_key7_gpu0_20260722,selected8_position_head_spn_rescnn_wrong_p_true_output,position_head_spn_rescnn_wrong_p,82,0.012279700701846252
i2_output_prediction_opf1_present_r4_position_bound_spn_rescnn_key7_gpu0_20260722,selected8_position_head_spn_rescnn_wrong_p_true_output,position_head_spn_rescnn_wrong_p,83,0.012314426553956537
i2_output_prediction_opf1_present_r4_position_bound_spn_rescnn_key7_gpu0_20260722,selected8_position_head_spn_rescnn_wrong_p_true_output,position_head_spn_rescnn_wrong_p,84,0.01189682176844542
i2_output_prediction_opf1_present_r4_position_bound_spn_rescnn_key7_gpu0_20260722,selected8_position_head_spn_rescnn_wrong_p_true_output,position_head_spn_rescnn_wrong_p,85,0.0117371361260723
i2_output_prediction_opf1_present_r4_position_bound_spn_rescnn_key7_gpu0_20260722,selected8_position_head_spn_rescnn_wrong_p_true_output,position_head_spn_rescnn_wrong_p,86,0.011675782767916587
i2_output_prediction_opf1_present_r4_position_bound_spn_rescnn_key7_gpu0_20260722,selected8_position_head_spn_rescnn_wrong_p_true_output,position_head_spn_rescnn_wrong_p,87,0.011380877610058349
i2_output_prediction_opf1_present_r4_position_bound_spn_rescnn_key7_gpu0_20260722,selected8_position_head_spn_rescnn_wrong_p_true_output,position_head_spn_rescnn_wrong_p,88,0.011339660264397367
i2_output_prediction_opf1_present_r4_position_bound_spn_rescnn_key7_gpu0_20260722,selected8_position_head_spn_rescnn_wrong_p_true_output,position_head_spn_rescnn_wrong_p,89,0.011209494072716097
i2_output_prediction_opf1_present_r4_position_bound_spn_rescnn_key7_gpu0_20260722,selected8_position_head_spn_rescnn_wrong_p_true_output,position_head_spn_rescnn_wrong_p,90,0.010971954769857462
i2_output_prediction_opf1_present_r4_position_bound_spn_rescnn_key7_gpu0_20260722,selected8_position_head_spn_rescnn_wrong_p_true_output,position_head_spn_rescnn_wrong_p,91,0.010930825546054734
i2_output_prediction_opf1_present_r4_position_bound_spn_rescnn_key7_gpu0_20260722,selected8_position_head_spn_rescnn_wrong_p_true_output,position_head_spn_rescnn_wrong_p,92,0.01077539870785671
i2_output_prediction_opf1_present_r4_position_bound_spn_rescnn_key7_gpu0_20260722,selected8_position_head_spn_rescnn_wrong_p_true_output,position_head_spn_rescnn_wrong_p,93,0.0106927115275397
i2_output_prediction_opf1_present_r4_position_bound_spn_rescnn_key7_gpu0_20260722,selected8_position_head_spn_rescnn_wrong_p_true_output,position_head_spn_rescnn_wrong_p,94,0.010479362297104444
i2_output_prediction_opf1_present_r4_position_bound_spn_rescnn_key7_gpu0_20260722,selected8_position_head_spn_rescnn_wrong_p_true_output,position_head_spn_rescnn_wrong_p,95,0.010255992677997483
i2_output_prediction_opf1_present_r4_position_bound_spn_rescnn_key7_gpu0_20260722,selected8_position_head_spn_rescnn_wrong_p_true_output,position_head_spn_rescnn_wrong_p,96,0.010156251192661614
i2_output_prediction_opf1_present_r4_position_bound_spn_rescnn_key7_gpu0_20260722,selected8_position_head_spn_rescnn_wrong_p_true_output,position_head_spn_rescnn_wrong_p,97,0.010034126889145512
i2_output_prediction_opf1_present_r4_position_bound_spn_rescnn_key7_gpu0_20260722,selected8_position_head_spn_rescnn_wrong_p_true_output,position_head_spn_rescnn_wrong_p,98,0.0100140900901593
i2_output_prediction_opf1_present_r4_position_bound_spn_rescnn_key7_gpu0_20260722,selected8_position_head_spn_rescnn_wrong_p_true_output,position_head_spn_rescnn_wrong_p,99,0.009938140316577915
i2_output_prediction_opf1_present_r4_position_bound_spn_rescnn_key7_gpu0_20260722,selected8_position_head_spn_rescnn_wrong_p_true_output,position_head_spn_rescnn_wrong_p,100,0.009683929176425465
i2_output_prediction_opf1_present_r4_position_bound_spn_rescnn_key7_gpu0_20260722,selected8_position_head_spn_rescnn_exact_p_label_shuffle,position_head_spn_rescnn_exact_p,1,1.197098301573078
i2_output_prediction_opf1_present_r4_position_bound_spn_rescnn_key7_gpu0_20260722,selected8_position_head_spn_rescnn_exact_p_label_shuffle,position_head_spn_rescnn_exact_p,2,0.25500857417978295
i2_output_prediction_opf1_present_r4_position_bound_spn_rescnn_key7_gpu0_20260722,selected8_position_head_spn_rescnn_exact_p_label_shuffle,position_head_spn_rescnn_exact_p,3,0.25156636420570067
i2_output_prediction_opf1_present_r4_position_bound_spn_rescnn_key7_gpu0_20260722,selected8_position_head_spn_rescnn_exact_p_label_shuffle,position_head_spn_rescnn_exact_p,4,0.2512111274979816
i2_output_prediction_opf1_present_r4_position_bound_spn_rescnn_key7_gpu0_20260722,selected8_position_head_spn_rescnn_exact_p_label_shuffle,position_head_spn_rescnn_exact_p,5,0.2509100677082188
i2_output_prediction_opf1_present_r4_position_bound_spn_rescnn_key7_gpu0_20260722,selected8_position_head_spn_rescnn_exact_p_label_shuffle,position_head_spn_rescnn_exact_p,6,0.25063302977446256
i2_output_prediction_opf1_present_r4_position_bound_spn_rescnn_key7_gpu0_20260722,selected8_position_head_spn_rescnn_exact_p_label_shuffle,position_head_spn_rescnn_exact_p,7,0.2504662752778586
i2_output_prediction_opf1_present_r4_position_bound_spn_rescnn_key7_gpu0_20260722,selected8_position_head_spn_rescnn_exact_p_label_shuffle,position_head_spn_rescnn_exact_p,8,0.25037069588370287
i2_output_prediction_opf1_present_r4_position_bound_spn_rescnn_key7_gpu0_20260722,selected8_position_head_spn_rescnn_exact_p_label_shuffle,position_head_spn_rescnn_exact_p,9,0.25013649938887283
i2_output_prediction_opf1_present_r4_position_bound_spn_rescnn_key7_gpu0_20260722,selected8_position_head_spn_rescnn_exact_p_label_shuffle,position_head_spn_rescnn_exact_p,10,0.2498654451535458
i2_output_prediction_opf1_present_r4_position_bound_spn_rescnn_key7_gpu0_20260722,selected8_position_head_spn_rescnn_exact_p_label_shuffle,position_head_spn_rescnn_exact_p,11,0.2493397286336858
i2_output_prediction_opf1_present_r4_position_bound_spn_rescnn_key7_gpu0_20260722,selected8_position_head_spn_rescnn_exact_p_label_shuffle,position_head_spn_rescnn_exact_p,12,0.24839352597837205
i2_output_prediction_opf1_present_r4_position_bound_spn_rescnn_key7_gpu0_20260722,selected8_position_head_spn_rescnn_exact_p_label_shuffle,position_head_spn_rescnn_exact_p,13,0.2468881511545078
i2_output_prediction_opf1_present_r4_position_bound_spn_rescnn_key7_gpu0_20260722,selected8_position_head_spn_rescnn_exact_p_label_shuffle,position_head_spn_rescnn_exact_p,14,0.24430442273251174
i2_output_prediction_opf1_present_r4_position_bound_spn_rescnn_key7_gpu0_20260722,selected8_position_head_spn_rescnn_exact_p_label_shuffle,position_head_spn_rescnn_exact_p,15,0.24040889983893976
i2_output_prediction_opf1_present_r4_position_bound_spn_rescnn_key7_gpu0_20260722,selected8_position_head_spn_rescnn_exact_p_label_shuffle,position_head_spn_rescnn_exact_p,16,0.23490242565890185
i2_output_prediction_opf1_present_r4_position_bound_spn_rescnn_key7_gpu0_20260722,selected8_position_head_spn_rescnn_exact_p_label_shuffle,position_head_spn_rescnn_exact_p,17,0.2278565408785198
i2_output_prediction_opf1_present_r4_position_bound_spn_rescnn_key7_gpu0_20260722,selected8_position_head_spn_rescnn_exact_p_label_shuffle,position_head_spn_rescnn_exact_p,18,0.21899538529532947
i2_output_prediction_opf1_present_r4_position_bound_spn_rescnn_key7_gpu0_20260722,selected8_position_head_spn_rescnn_exact_p_label_shuffle,position_head_spn_rescnn_exact_p,19,0.20889856178359878
i2_output_prediction_opf1_present_r4_position_bound_spn_rescnn_key7_gpu0_20260722,selected8_position_head_spn_rescnn_exact_p_label_shuffle,position_head_spn_rescnn_exact_p,20,0.19746868853826527
i2_output_prediction_opf1_present_r4_position_bound_spn_rescnn_key7_gpu0_20260722,selected8_position_head_spn_rescnn_exact_p_label_shuffle,position_head_spn_rescnn_exact_p,21,0.1851281209685567
i2_output_prediction_opf1_present_r4_position_bound_spn_rescnn_key7_gpu0_20260722,selected8_position_head_spn_rescnn_exact_p_label_shuffle,position_head_spn_rescnn_exact_p,22,0.17252415407529043
i2_output_prediction_opf1_present_r4_position_bound_spn_rescnn_key7_gpu0_20260722,selected8_position_head_spn_rescnn_exact_p_label_shuffle,position_head_spn_rescnn_exact_p,23,0.15995376769024006
i2_output_prediction_opf1_present_r4_position_bound_spn_rescnn_key7_gpu0_20260722,selected8_position_head_spn_rescnn_exact_p_label_shuffle,position_head_spn_rescnn_exact_p,24,0.14756209916868102
i2_output_prediction_opf1_present_r4_position_bound_spn_rescnn_key7_gpu0_20260722,selected8_position_head_spn_rescnn_exact_p_label_shuffle,position_head_spn_rescnn_exact_p,25,0.13597054605565972
i2_output_prediction_opf1_present_r4_position_bound_spn_rescnn_key7_gpu0_20260722,selected8_position_head_spn_rescnn_exact_p_label_shuffle,position_head_spn_rescnn_exact_p,26,0.12540257094076424
i2_output_prediction_opf1_present_r4_position_bound_spn_rescnn_key7_gpu0_20260722,selected8_position_head_spn_rescnn_exact_p_label_shuffle,position_head_spn_rescnn_exact_p,27,0.1161449791902669
i2_output_prediction_opf1_present_r4_position_bound_spn_rescnn_key7_gpu0_20260722,selected8_position_head_spn_rescnn_exact_p_label_shuffle,position_head_spn_rescnn_exact_p,28,0.10816719580839163
i2_output_prediction_opf1_present_r4_position_bound_spn_rescnn_key7_gpu0_20260722,selected8_position_head_spn_rescnn_exact_p_label_shuffle,position_head_spn_rescnn_exact_p,29,0.10118047468279201
i2_output_prediction_opf1_present_r4_position_bound_spn_rescnn_key7_gpu0_20260722,selected8_position_head_spn_rescnn_exact_p_label_shuffle,position_head_spn_rescnn_exact_p,30,0.09505288404659495
i2_output_prediction_opf1_present_r4_position_bound_spn_rescnn_key7_gpu0_20260722,selected8_position_head_spn_rescnn_exact_p_label_shuffle,position_head_spn_rescnn_exact_p,31,0.08966572116378302
i2_output_prediction_opf1_present_r4_position_bound_spn_rescnn_key7_gpu0_20260722,selected8_position_head_spn_rescnn_exact_p_label_shuffle,position_head_spn_rescnn_exact_p,32,0.08536337832549634
i2_output_prediction_opf1_present_r4_position_bound_spn_rescnn_key7_gpu0_20260722,selected8_position_head_spn_rescnn_exact_p_label_shuffle,position_head_spn_rescnn_exact_p,33,0.0809979617836234
i2_output_prediction_opf1_present_r4_position_bound_spn_rescnn_key7_gpu0_20260722,selected8_position_head_spn_rescnn_exact_p_label_shuffle,position_head_spn_rescnn_exact_p,34,0.07743788863399459
i2_output_prediction_opf1_present_r4_position_bound_spn_rescnn_key7_gpu0_20260722,selected8_position_head_spn_rescnn_exact_p_label_shuffle,position_head_spn_rescnn_exact_p,35,0.07395927858772211
i2_output_prediction_opf1_present_r4_position_bound_spn_rescnn_key7_gpu0_20260722,selected8_position_head_spn_rescnn_exact_p_label_shuffle,position_head_spn_rescnn_exact_p,36,0.07095017872984499
i2_output_prediction_opf1_present_r4_position_bound_spn_rescnn_key7_gpu0_20260722,selected8_position_head_spn_rescnn_exact_p_label_shuffle,position_head_spn_rescnn_exact_p,37,0.0679300662700939
i2_output_prediction_opf1_present_r4_position_bound_spn_rescnn_key7_gpu0_20260722,selected8_position_head_spn_rescnn_exact_p_label_shuffle,position_head_spn_rescnn_exact_p,38,0.06570882052619709
i2_output_prediction_opf1_present_r4_position_bound_spn_rescnn_key7_gpu0_20260722,selected8_position_head_spn_rescnn_exact_p_label_shuffle,position_head_spn_rescnn_exact_p,39,0.06314069339555317
i2_output_prediction_opf1_present_r4_position_bound_spn_rescnn_key7_gpu0_20260722,selected8_position_head_spn_rescnn_exact_p_label_shuffle,position_head_spn_rescnn_exact_p,40,0.060597977684437865
i2_output_prediction_opf1_present_r4_position_bound_spn_rescnn_key7_gpu0_20260722,selected8_position_head_spn_rescnn_exact_p_label_shuffle,position_head_spn_rescnn_exact_p,41,0.05857456754068835
i2_output_prediction_opf1_present_r4_position_bound_spn_rescnn_key7_gpu0_20260722,selected8_position_head_spn_rescnn_exact_p_label_shuffle,position_head_spn_rescnn_exact_p,42,0.05646032855048588
i2_output_prediction_opf1_present_r4_position_bound_spn_rescnn_key7_gpu0_20260722,selected8_position_head_spn_rescnn_exact_p_label_shuffle,position_head_spn_rescnn_exact_p,43,0.05444926371984593
i2_output_prediction_opf1_present_r4_position_bound_spn_rescnn_key7_gpu0_20260722,selected8_position_head_spn_rescnn_exact_p_label_shuffle,position_head_spn_rescnn_exact_p,44,0.05257449385533164
i2_output_prediction_opf1_present_r4_position_bound_spn_rescnn_key7_gpu0_20260722,selected8_position_head_spn_rescnn_exact_p_label_shuffle,position_head_spn_rescnn_exact_p,45,0.05053551244731125
i2_output_prediction_opf1_present_r4_position_bound_spn_rescnn_key7_gpu0_20260722,selected8_position_head_spn_rescnn_exact_p_label_shuffle,position_head_spn_rescnn_exact_p,46,0.0486884058780106
i2_output_prediction_opf1_present_r4_position_bound_spn_rescnn_key7_gpu0_20260722,selected8_position_head_spn_rescnn_exact_p_label_shuffle,position_head_spn_rescnn_exact_p,47,0.04679254237464647
i2_output_prediction_opf1_present_r4_position_bound_spn_rescnn_key7_gpu0_20260722,selected8_position_head_spn_rescnn_exact_p_label_shuffle,position_head_spn_rescnn_exact_p,48,0.044739763122436216
i2_output_prediction_opf1_present_r4_position_bound_spn_rescnn_key7_gpu0_20260722,selected8_position_head_spn_rescnn_exact_p_label_shuffle,position_head_spn_rescnn_exact_p,49,0.042995906721472466
i2_output_prediction_opf1_present_r4_position_bound_spn_rescnn_key7_gpu0_20260722,selected8_position_head_spn_rescnn_exact_p_label_shuffle,position_head_spn_rescnn_exact_p,50,0.04117404431144678
i2_output_prediction_opf1_present_r4_position_bound_spn_rescnn_key7_gpu0_20260722,selected8_position_head_spn_rescnn_exact_p_label_shuffle,position_head_spn_rescnn_exact_p,51,0.03954479127523314
i2_output_prediction_opf1_present_r4_position_bound_spn_rescnn_key7_gpu0_20260722,selected8_position_head_spn_rescnn_exact_p_label_shuffle,position_head_spn_rescnn_exact_p,52,0.037894910732404696
i2_output_prediction_opf1_present_r4_position_bound_spn_rescnn_key7_gpu0_20260722,selected8_position_head_spn_rescnn_exact_p_label_shuffle,position_head_spn_rescnn_exact_p,53,0.036419448928825204
i2_output_prediction_opf1_present_r4_position_bound_spn_rescnn_key7_gpu0_20260722,selected8_position_head_spn_rescnn_exact_p_label_shuffle,position_head_spn_rescnn_exact_p,54,0.034846755820410635
i2_output_prediction_opf1_present_r4_position_bound_spn_rescnn_key7_gpu0_20260722,selected8_position_head_spn_rescnn_exact_p_label_shuffle,position_head_spn_rescnn_exact_p,55,0.03340507278173277
i2_output_prediction_opf1_present_r4_position_bound_spn_rescnn_key7_gpu0_20260722,selected8_position_head_spn_rescnn_exact_p_label_shuffle,position_head_spn_rescnn_exact_p,56,0.032018343821789585
i2_output_prediction_opf1_present_r4_position_bound_spn_rescnn_key7_gpu0_20260722,selected8_position_head_spn_rescnn_exact_p_label_shuffle,position_head_spn_rescnn_exact_p,57,0.030929709218042944
i2_output_prediction_opf1_present_r4_position_bound_spn_rescnn_key7_gpu0_20260722,selected8_position_head_spn_rescnn_exact_p_label_shuffle,position_head_spn_rescnn_exact_p,58,0.029766590182305208
i2_output_prediction_opf1_present_r4_position_bound_spn_rescnn_key7_gpu0_20260722,selected8_position_head_spn_rescnn_exact_p_label_shuffle,position_head_spn_rescnn_exact_p,59,0.028610242543066988
i2_output_prediction_opf1_present_r4_position_bound_spn_rescnn_key7_gpu0_20260722,selected8_position_head_spn_rescnn_exact_p_label_shuffle,position_head_spn_rescnn_exact_p,60,0.027268872546642342
i2_output_prediction_opf1_present_r4_position_bound_spn_rescnn_key7_gpu0_20260722,selected8_position_head_spn_rescnn_exact_p_label_shuffle,position_head_spn_rescnn_exact_p,61,0.026561737174091604
i2_output_prediction_opf1_present_r4_position_bound_spn_rescnn_key7_gpu0_20260722,selected8_position_head_spn_rescnn_exact_p_label_shuffle,position_head_spn_rescnn_exact_p,62,0.02579591723689134
i2_output_prediction_opf1_present_r4_position_bound_spn_rescnn_key7_gpu0_20260722,selected8_position_head_spn_rescnn_exact_p_label_shuffle,position_head_spn_rescnn_exact_p,63,0.025062672054332324
i2_output_prediction_opf1_present_r4_position_bound_spn_rescnn_key7_gpu0_20260722,selected8_position_head_spn_rescnn_exact_p_label_shuffle,position_head_spn_rescnn_exact_p,64,0.024268661415106862
i2_output_prediction_opf1_present_r4_position_bound_spn_rescnn_key7_gpu0_20260722,selected8_position_head_spn_rescnn_exact_p_label_shuffle,position_head_spn_rescnn_exact_p,65,0.02353626019836952
i2_output_prediction_opf1_present_r4_position_bound_spn_rescnn_key7_gpu0_20260722,selected8_position_head_spn_rescnn_exact_p_label_shuffle,position_head_spn_rescnn_exact_p,66,0.022960508651721057
i2_output_prediction_opf1_present_r4_position_bound_spn_rescnn_key7_gpu0_20260722,selected8_position_head_spn_rescnn_exact_p_label_shuffle,position_head_spn_rescnn_exact_p,67,0.022306295563268463
i2_output_prediction_opf1_present_r4_position_bound_spn_rescnn_key7_gpu0_20260722,selected8_position_head_spn_rescnn_exact_p_label_shuffle,position_head_spn_rescnn_exact_p,68,0.02208935862007877
i2_output_prediction_opf1_present_r4_position_bound_spn_rescnn_key7_gpu0_20260722,selected8_position_head_spn_rescnn_exact_p_label_shuffle,position_head_spn_rescnn_exact_p,69,0.021255374673771144
i2_output_prediction_opf1_present_r4_position_bound_spn_rescnn_key7_gpu0_20260722,selected8_position_head_spn_rescnn_exact_p_label_shuffle,position_head_spn_rescnn_exact_p,70,0.020918721542585672
i2_output_prediction_opf1_present_r4_position_bound_spn_rescnn_key7_gpu0_20260722,selected8_position_head_spn_rescnn_exact_p_label_shuffle,position_head_spn_rescnn_exact_p,71,0.02056215025659469
i2_output_prediction_opf1_present_r4_position_bound_spn_rescnn_key7_gpu0_20260722,selected8_position_head_spn_rescnn_exact_p_label_shuffle,position_head_spn_rescnn_exact_p,72,0.020422691517424596
i2_output_prediction_opf1_present_r4_position_bound_spn_rescnn_key7_gpu0_20260722,selected8_position_head_spn_rescnn_exact_p_label_shuffle,position_head_spn_rescnn_exact_p,73,0.019741920254801926
i2_output_prediction_opf1_present_r4_position_bound_spn_rescnn_key7_gpu0_20260722,selected8_position_head_spn_rescnn_exact_p_label_shuffle,position_head_spn_rescnn_exact_p,74,0.019404537439356773
i2_output_prediction_opf1_present_r4_position_bound_spn_rescnn_key7_gpu0_20260722,selected8_position_head_spn_rescnn_exact_p_label_shuffle,position_head_spn_rescnn_exact_p,75,0.018918830193129565
i2_output_prediction_opf1_present_r4_position_bound_spn_rescnn_key7_gpu0_20260722,selected8_position_head_spn_rescnn_exact_p_label_shuffle,position_head_spn_rescnn_exact_p,76,0.01855768108960376
i2_output_prediction_opf1_present_r4_position_bound_spn_rescnn_key7_gpu0_20260722,selected8_position_head_spn_rescnn_exact_p_label_shuffle,position_head_spn_rescnn_exact_p,77,0.01826316933527039
i2_output_prediction_opf1_present_r4_position_bound_spn_rescnn_key7_gpu0_20260722,selected8_position_head_spn_rescnn_exact_p_label_shuffle,position_head_spn_rescnn_exact_p,78,0.018033306187263065
i2_output_prediction_opf1_present_r4_position_bound_spn_rescnn_key7_gpu0_20260722,selected8_position_head_spn_rescnn_exact_p_label_shuffle,position_head_spn_rescnn_exact_p,79,0.01744471909147194
i2_output_prediction_opf1_present_r4_position_bound_spn_rescnn_key7_gpu0_20260722,selected8_position_head_spn_rescnn_exact_p_label_shuffle,position_head_spn_rescnn_exact_p,80,0.017328004351725212
i2_output_prediction_opf1_present_r4_position_bound_spn_rescnn_key7_gpu0_20260722,selected8_position_head_spn_rescnn_exact_p_label_shuffle,position_head_spn_rescnn_exact_p,81,0.017012500729023827
i2_output_prediction_opf1_present_r4_position_bound_spn_rescnn_key7_gpu0_20260722,selected8_position_head_spn_rescnn_exact_p_label_shuffle,position_head_spn_rescnn_exact_p,82,0.016725905520942774
i2_output_prediction_opf1_present_r4_position_bound_spn_rescnn_key7_gpu0_20260722,selected8_position_head_spn_rescnn_exact_p_label_shuffle,position_head_spn_rescnn_exact_p,83,0.01666349355349439
i2_output_prediction_opf1_present_r4_position_bound_spn_rescnn_key7_gpu0_20260722,selected8_position_head_spn_rescnn_exact_p_label_shuffle,position_head_spn_rescnn_exact_p,84,0.016261609542965516
i2_output_prediction_opf1_present_r4_position_bound_spn_rescnn_key7_gpu0_20260722,selected8_position_head_spn_rescnn_exact_p_label_shuffle,position_head_spn_rescnn_exact_p,85,0.016037892585941904
i2_output_prediction_opf1_present_r4_position_bound_spn_rescnn_key7_gpu0_20260722,selected8_position_head_spn_rescnn_exact_p_label_shuffle,position_head_spn_rescnn_exact_p,86,0.015808542151930283
i2_output_prediction_opf1_present_r4_position_bound_spn_rescnn_key7_gpu0_20260722,selected8_position_head_spn_rescnn_exact_p_label_shuffle,position_head_spn_rescnn_exact_p,87,0.015569015895842142
i2_output_prediction_opf1_present_r4_position_bound_spn_rescnn_key7_gpu0_20260722,selected8_position_head_spn_rescnn_exact_p_label_shuffle,position_head_spn_rescnn_exact_p,88,0.015464056629298284
i2_output_prediction_opf1_present_r4_position_bound_spn_rescnn_key7_gpu0_20260722,selected8_position_head_spn_rescnn_exact_p_label_shuffle,position_head_spn_rescnn_exact_p,89,0.015148283448823463
i2_output_prediction_opf1_present_r4_position_bound_spn_rescnn_key7_gpu0_20260722,selected8_position_head_spn_rescnn_exact_p_label_shuffle,position_head_spn_rescnn_exact_p,90,0.014896687860328939
i2_output_prediction_opf1_present_r4_position_bound_spn_rescnn_key7_gpu0_20260722,selected8_position_head_spn_rescnn_exact_p_label_shuffle,position_head_spn_rescnn_exact_p,91,0.014695410202762105
i2_output_prediction_opf1_present_r4_position_bound_spn_rescnn_key7_gpu0_20260722,selected8_position_head_spn_rescnn_exact_p_label_shuffle,position_head_spn_rescnn_exact_p,92,0.014461245583241578
i2_output_prediction_opf1_present_r4_position_bound_spn_rescnn_key7_gpu0_20260722,selected8_position_head_spn_rescnn_exact_p_label_shuffle,position_head_spn_rescnn_exact_p,93,0.014683020947671821
i2_output_prediction_opf1_present_r4_position_bound_spn_rescnn_key7_gpu0_20260722,selected8_position_head_spn_rescnn_exact_p_label_shuffle,position_head_spn_rescnn_exact_p,94,0.01428308678534762
i2_output_prediction_opf1_present_r4_position_bound_spn_rescnn_key7_gpu0_20260722,selected8_position_head_spn_rescnn_exact_p_label_shuffle,position_head_spn_rescnn_exact_p,95,0.014070869764822191
i2_output_prediction_opf1_present_r4_position_bound_spn_rescnn_key7_gpu0_20260722,selected8_position_head_spn_rescnn_exact_p_label_shuffle,position_head_spn_rescnn_exact_p,96,0.014014411471826804
i2_output_prediction_opf1_present_r4_position_bound_spn_rescnn_key7_gpu0_20260722,selected8_position_head_spn_rescnn_exact_p_label_shuffle,position_head_spn_rescnn_exact_p,97,0.013669126534352927
i2_output_prediction_opf1_present_r4_position_bound_spn_rescnn_key7_gpu0_20260722,selected8_position_head_spn_rescnn_exact_p_label_shuffle,position_head_spn_rescnn_exact_p,98,0.013660844983114373
i2_output_prediction_opf1_present_r4_position_bound_spn_rescnn_key7_gpu0_20260722,selected8_position_head_spn_rescnn_exact_p_label_shuffle,position_head_spn_rescnn_exact_p,99,0.013366654050066984
i2_output_prediction_opf1_present_r4_position_bound_spn_rescnn_key7_gpu0_20260722,selected8_position_head_spn_rescnn_exact_p_label_shuffle,position_head_spn_rescnn_exact_p,100,0.013253998540271539
